% time	cellId	IMSI	frame	sframe	RNTI	mcsTb1	sizeTb1	mcsTb2	sizeTb2
0.025	1	1	3	6	1	0	81	0	0
0.04	1	1	5	1	1	28	2196	0	0
0.14	1	1	15	1	1	28	2196	0	0
0.24	1	1	25	1	1	28	2196	0	0
0.34	1	1	35	1	1	28	2196	0	0
0.44	1	1	45	1	1	28	2196	0	0
0.51	1	1	52	1	1	28	2196	0	0
0.531	1	1	54	2	1	28	2196	0	0
0.54	1	1	55	1	1	28	2196	0	0
0.552	1	1	56	3	1	28	2196	0	0
0.573	1	1	58	4	1	28	2196	0	0
0.594	1	1	60	5	1	28	2196	0	0
0.615	1	1	62	6	1	28	2196	0	0
0.636	1	1	64	7	1	28	2196	0	0
0.64	1	1	65	1	1	28	2196	0	0
0.657	1	1	66	8	1	28	2196	0	0
0.678	1	1	68	9	1	28	2196	0	0
0.699	1	1	70	10	1	28	2196	0	0
0.72	1	1	73	1	1	28	2196	0	0
0.74	1	1	75	1	1	28	2196	0	0
0.741	1	1	75	2	1	28	2196	0	0
0.762	1	1	77	3	1	28	2196	0	0
0.783	1	1	79	4	1	28	2196	0	0
0.804	1	1	81	5	1	28	2196	0	0
0.825	1	1	83	6	1	28	2196	0	0
0.84	1	1	85	1	1	28	2196	0	0
0.846	1	1	85	7	1	28	2196	0	0
0.867	1	1	87	8	1	28	2196	0	0
0.888	1	1	89	9	1	28	2196	0	0
0.909	1	1	91	10	1	28	2196	0	0
0.93	1	1	94	1	1	28	2196	0	0
0.94	1	1	95	1	1	28	2196	0	0
0.951	1	1	96	2	1	28	2196	0	0
0.972	1	1	98	3	1	28	2196	0	0
0.993	1	1	100	4	1	28	2196	0	0
1.014	1	1	102	5	1	28	2196	0	0
1.035	1	1	104	6	1	28	2196	0	0
1.04	1	1	105	1	1	28	2196	0	0
1.056	1	1	106	7	1	28	2196	0	0
1.077	1	1	108	8	1	28	2196	0	0
1.098	1	1	110	9	1	28	2196	0	0
1.119	1	1	112	10	1	28	2196	0	0
1.14	1	1	115	1	1	28	2196	0	0
1.161	1	1	117	2	1	28	2196	0	0
1.182	1	1	119	3	1	28	2196	0	0
1.203	1	1	121	4	1	28	2196	0	0
1.224	1	1	123	5	1	28	2196	0	0
1.24	1	1	125	1	1	28	2196	0	0
1.245	1	1	125	6	1	28	2196	0	0
1.266	1	1	127	7	1	28	2196	0	0
1.287	1	1	129	8	1	28	2196	0	0
1.308	1	1	131	9	1	28	2196	0	0
1.329	1	1	133	10	1	28	2196	0	0
1.34	1	1	135	1	1	28	2196	0	0
1.35	1	1	136	1	1	28	2196	0	0
1.371	1	1	138	2	1	28	2196	0	0
1.392	1	1	140	3	1	28	2196	0	0
1.413	1	1	142	4	1	28	2196	0	0
1.434	1	1	144	5	1	28	2196	0	0
1.44	1	1	145	1	1	28	2196	0	0
1.455	1	1	146	6	1	28	2196	0	0
1.476	1	1	148	7	1	28	2196	0	0
1.497	1	1	150	8	1	28	2196	0	0
1.518	1	1	152	9	1	28	2196	0	0
1.539	1	1	154	10	1	28	2196	0	0
1.54	1	1	155	1	1	28	2196	0	0
1.56	1	1	157	1	1	28	2196	0	0
1.581	1	1	159	2	1	28	2196	0	0
1.602	1	1	161	3	1	28	2196	0	0
1.623	1	1	163	4	1	28	2196	0	0
1.64	1	1	165	1	1	28	2196	0	0
1.644	1	1	165	5	1	28	2196	0	0
1.665	1	1	167	6	1	28	2196	0	0
1.686	1	1	169	7	1	28	2196	0	0
1.707	1	1	171	8	1	28	2196	0	0
1.728	1	1	173	9	1	28	2196	0	0
1.74	1	1	175	1	1	28	2196	0	0
1.749	1	1	175	10	1	28	2196	0	0
1.77	1	1	178	1	1	28	2196	0	0
1.791	1	1	180	2	1	28	2196	0	0
1.812	1	1	182	3	1	28	2196	0	0
1.833	1	1	184	4	1	28	2196	0	0
1.84	1	1	185	1	1	28	2196	0	0
1.854	1	1	186	5	1	28	2196	0	0
1.875	1	1	188	6	1	28	2196	0	0
1.896	1	1	190	7	1	28	2196	0	0
1.917	1	1	192	8	1	28	2196	0	0
1.938	1	1	194	9	1	28	2196	0	0
1.94	1	1	195	1	1	28	2196	0	0
1.959	1	1	196	10	1	28	2196	0	0
1.98	1	1	199	1	1	28	2196	0	0
2.001	1	1	201	2	1	28	2196	0	0
2.022	1	1	203	3	1	28	2196	0	0
2.04	1	1	205	1	1	28	2196	0	0
2.043	1	1	205	4	1	28	2196	0	0
2.064	1	1	207	5	1	28	2196	0	0
2.085	1	1	209	6	1	28	2196	0	0
2.106	1	1	211	7	1	28	2196	0	0
2.127	1	1	213	8	1	28	2196	0	0
2.14	1	1	215	1	1	28	2196	0	0
2.148	1	1	215	9	1	28	2196	0	0
2.169	1	1	217	10	1	28	2196	0	0
2.19	1	1	220	1	1	28	2196	0	0
2.211	1	1	222	2	1	28	2196	0	0
2.232	1	1	224	3	1	28	2196	0	0
2.24	1	1	225	1	1	28	2196	0	0
2.253	1	1	226	4	1	28	2196	0	0
2.274	1	1	228	5	1	28	2196	0	0
2.295	1	1	230	6	1	28	2196	0	0
2.316	1	1	232	7	1	28	2196	0	0
2.337	1	1	234	8	1	28	2196	0	0
2.34	1	1	235	1	1	28	2196	0	0
2.358	1	1	236	9	1	28	2196	0	0
2.379	1	1	238	10	1	28	2196	0	0
2.4	1	1	241	1	1	28	2196	0	0
2.421	1	1	243	2	1	28	2196	0	0
2.44	1	1	245	1	1	28	2196	0	0
2.442	1	1	245	3	1	28	2196	0	0
2.463	1	1	247	4	1	28	2196	0	0
2.484	1	1	249	5	1	28	2196	0	0
2.505	1	1	251	6	1	28	2196	0	0
2.526	1	1	253	7	1	28	2196	0	0
2.54	1	1	255	1	1	28	2196	0	0
2.547	1	1	255	8	1	28	2196	0	0
2.568	1	1	257	9	1	28	2196	0	0
2.589	1	1	259	10	1	28	2196	0	0
2.61	1	1	262	1	1	28	2196	0	0
2.631	1	1	264	2	1	28	2196	0	0
2.64	1	1	265	1	1	28	2196	0	0
2.652	1	1	266	3	1	28	2196	0	0
2.673	1	1	268	4	1	28	2196	0	0
2.694	1	1	270	5	1	28	2196	0	0
2.715	1	1	272	6	1	28	2196	0	0
2.736	1	1	274	7	1	28	2196	0	0
2.74	1	1	275	1	1	28	2196	0	0
2.757	1	1	276	8	1	28	2196	0	0
2.778	1	1	278	9	1	28	2196	0	0
2.799	1	1	280	10	1	28	2196	0	0
2.82	1	1	283	1	1	28	2196	0	0
2.84	1	1	285	1	1	28	2196	0	0
2.841	1	1	285	2	1	28	2196	0	0
2.862	1	1	287	3	1	28	2196	0	0
2.883	1	1	289	4	1	28	2196	0	0
2.904	1	1	291	5	1	28	2196	0	0
2.925	1	1	293	6	1	28	2196	0	0
2.94	1	1	295	1	1	28	2196	0	0
2.946	1	1	295	7	1	28	2196	0	0
2.967	1	1	297	8	1	28	2196	0	0
2.988	1	1	299	9	1	28	2196	0	0
3.009	1	1	301	10	1	28	2196	0	0
3.03	1	1	304	1	1	28	2196	0	0
3.04	1	1	305	1	1	28	2196	0	0
3.051	1	1	306	2	1	28	2196	0	0
3.072	1	1	308	3	1	28	2196	0	0
3.093	1	1	310	4	1	28	2196	0	0
3.114	1	1	312	5	1	28	2196	0	0
3.135	1	1	314	6	1	28	2196	0	0
3.14	1	1	315	1	1	28	2196	0	0
3.156	1	1	316	7	1	28	2196	0	0
3.177	1	1	318	8	1	28	2196	0	0
3.198	1	1	320	9	1	28	2196	0	0
3.219	1	1	322	10	1	28	2196	0	0
3.24	1	1	325	1	1	28	2196	0	0
3.261	1	1	327	2	1	28	2196	0	0
3.282	1	1	329	3	1	28	2196	0	0
3.303	1	1	331	4	1	28	2196	0	0
3.324	1	1	333	5	1	28	2196	0	0
3.34	1	1	335	1	1	28	2196	0	0
3.345	1	1	335	6	1	28	2196	0	0
3.366	1	1	337	7	1	28	2196	0	0
3.387	1	1	339	8	1	28	2196	0	0
3.408	1	1	341	9	1	28	2196	0	0
3.429	1	1	343	10	1	28	2196	0	0
3.44	1	1	345	1	1	28	2196	0	0
3.45	1	1	346	1	1	28	2196	0	0
3.471	1	1	348	2	1	28	2196	0	0
3.492	1	1	350	3	1	28	2196	0	0
3.513	1	1	352	4	1	28	2196	0	0
3.534	1	1	354	5	1	28	2196	0	0
3.54	1	1	355	1	1	28	2196	0	0
3.555	1	1	356	6	1	28	2196	0	0
3.576	1	1	358	7	1	28	2196	0	0
3.597	1	1	360	8	1	28	2196	0	0
3.618	1	1	362	9	1	28	2196	0	0
3.639	1	1	364	10	1	28	2196	0	0
3.64	1	1	365	1	1	28	2196	0	0
3.66	1	1	367	1	1	28	2196	0	0
3.681	1	1	369	2	1	28	2196	0	0
3.702	1	1	371	3	1	28	2196	0	0
3.723	1	1	373	4	1	28	2196	0	0
3.74	1	1	375	1	1	28	2196	0	0
3.744	1	1	375	5	1	28	2196	0	0
3.765	1	1	377	6	1	28	2196	0	0
3.786	1	1	379	7	1	28	2196	0	0
3.807	1	1	381	8	1	28	2196	0	0
3.828	1	1	383	9	1	28	2196	0	0
3.84	1	1	385	1	1	28	2196	0	0
3.849	1	1	385	10	1	28	2196	0	0
3.87	1	1	388	1	1	28	2196	0	0
3.891	1	1	390	2	1	28	2196	0	0
3.912	1	1	392	3	1	28	2196	0	0
3.933	1	1	394	4	1	28	2196	0	0
3.94	1	1	395	1	1	28	2196	0	0
3.954	1	1	396	5	1	28	2196	0	0
3.975	1	1	398	6	1	28	2196	0	0
3.996	1	1	400	7	1	28	2196	0	0
4.017	1	1	402	8	1	28	2196	0	0
4.038	1	1	404	9	1	28	2196	0	0
4.04	1	1	405	1	1	28	2196	0	0
4.059	1	1	406	10	1	28	2196	0	0
4.08	1	1	409	1	1	28	2196	0	0
4.101	1	1	411	2	1	28	2196	0	0
4.122	1	1	413	3	1	28	2196	0	0
4.14	1	1	415	1	1	28	2196	0	0
4.143	1	1	415	4	1	28	2196	0	0
4.164	1	1	417	5	1	28	2196	0	0
4.185	1	1	419	6	1	28	2196	0	0
4.206	1	1	421	7	1	28	2196	0	0
4.227	1	1	423	8	1	28	2196	0	0
4.24	1	1	425	1	1	28	2196	0	0
4.248	1	1	425	9	1	28	2196	0	0
4.269	1	1	427	10	1	28	2196	0	0
4.29	1	1	430	1	1	28	2196	0	0
4.311	1	1	432	2	1	28	2196	0	0
4.332	1	1	434	3	1	28	2196	0	0
4.34	1	1	435	1	1	28	2196	0	0
4.353	1	1	436	4	1	28	2196	0	0
4.374	1	1	438	5	1	28	2196	0	0
4.395	1	1	440	6	1	28	2196	0	0
4.416	1	1	442	7	1	28	2196	0	0
4.437	1	1	444	8	1	28	2196	0	0
4.44	1	1	445	1	1	28	2196	0	0
4.458	1	1	446	9	1	28	2196	0	0
4.479	1	1	448	10	1	28	2196	0	0
4.5	1	1	451	1	1	28	2196	0	0
4.521	1	1	453	2	1	28	2196	0	0
4.54	1	1	455	1	1	28	2196	0	0
4.542	1	1	455	3	1	28	2196	0	0
4.563	1	1	457	4	1	28	2196	0	0
4.584	1	1	459	5	1	28	2196	0	0
4.605	1	1	461	6	1	28	2196	0	0
4.626	1	1	463	7	1	28	2196	0	0
4.64	1	1	465	1	1	28	2196	0	0
4.647	1	1	465	8	1	28	2196	0	0
4.668	1	1	467	9	1	28	2196	0	0
4.689	1	1	469	10	1	28	2196	0	0
4.71	1	1	472	1	1	28	2196	0	0
4.731	1	1	474	2	1	28	2196	0	0
4.74	1	1	475	1	1	28	2196	0	0
4.752	1	1	476	3	1	28	2196	0	0
4.773	1	1	478	4	1	28	2196	0	0
4.794	1	1	480	5	1	28	2196	0	0
4.815	1	1	482	6	1	28	2196	0	0
4.836	1	1	484	7	1	28	2196	0	0
4.84	1	1	485	1	1	28	2196	0	0
4.857	1	1	486	8	1	28	2196	0	0
4.878	1	1	488	9	1	28	2196	0	0
4.899	1	1	490	10	1	28	2196	0	0
4.92	1	1	493	1	1	28	2196	0	0
4.94	1	1	495	1	1	28	2196	0	0
4.941	1	1	495	2	1	28	2196	0	0
4.962	1	1	497	3	1	28	2196	0	0
4.983	1	1	499	4	1	28	2196	0	0
5.004	1	1	501	5	1	28	2196	0	0
5.025	1	1	503	6	1	28	2196	0	0
5.04	1	1	505	1	1	28	2196	0	0
5.046	1	1	505	7	1	28	2196	0	0
5.067	1	1	507	8	1	28	2196	0	0
5.088	1	1	509	9	1	28	2196	0	0
5.109	1	1	511	10	1	28	2196	0	0
5.13	1	1	514	1	1	28	2196	0	0
5.14	1	1	515	1	1	28	2196	0	0
5.151	1	1	516	2	1	28	2196	0	0
5.172	1	1	518	3	1	28	2196	0	0
5.193	1	1	520	4	1	28	2196	0	0
5.214	1	1	522	5	1	28	2196	0	0
5.235	1	1	524	6	1	28	2196	0	0
5.24	1	1	525	1	1	28	2196	0	0
5.256	1	1	526	7	1	28	2196	0	0
5.277	1	1	528	8	1	28	2196	0	0
5.298	1	1	530	9	1	28	2196	0	0
5.319	1	1	532	10	1	28	2196	0	0
5.34	1	1	535	1	1	28	2196	0	0
5.361	1	1	537	2	1	28	2196	0	0
5.382	1	1	539	3	1	28	2196	0	0
5.403	1	1	541	4	1	28	2196	0	0
5.424	1	1	543	5	1	28	2196	0	0
5.44	1	1	545	1	1	28	2196	0	0
5.445	1	1	545	6	1	28	2196	0	0
5.466	1	1	547	7	1	28	2196	0	0
5.487	1	1	549	8	1	28	2196	0	0
5.508	1	1	551	9	1	28	2196	0	0
5.529	1	1	553	10	1	28	2196	0	0
5.54	1	1	555	1	1	28	2196	0	0
5.55	1	1	556	1	1	28	2196	0	0
5.571	1	1	558	2	1	28	2196	0	0
5.592	1	1	560	3	1	28	2196	0	0
5.613	1	1	562	4	1	28	2196	0	0
5.634	1	1	564	5	1	28	2196	0	0
5.64	1	1	565	1	1	28	2196	0	0
5.655	1	1	566	6	1	28	2196	0	0
5.676	1	1	568	7	1	28	2196	0	0
5.697	1	1	570	8	1	28	2196	0	0
5.718	1	1	572	9	1	28	2196	0	0
5.739	1	1	574	10	1	28	2196	0	0
5.74	1	1	575	1	1	28	2196	0	0
5.76	1	1	577	1	1	28	2196	0	0
5.781	1	1	579	2	1	28	2196	0	0
5.802	1	1	581	3	1	28	2196	0	0
5.823	1	1	583	4	1	28	2196	0	0
5.84	1	1	585	1	1	28	2196	0	0
5.844	1	1	585	5	1	28	2196	0	0
5.865	1	1	587	6	1	28	2196	0	0
5.886	1	1	589	7	1	28	2196	0	0
5.907	1	1	591	8	1	28	2196	0	0
5.928	1	1	593	9	1	28	2196	0	0
5.94	1	1	595	1	1	28	2196	0	0
5.949	1	1	595	10	1	28	2196	0	0
5.97	1	1	598	1	1	28	2196	0	0
5.991	1	1	600	2	1	28	2196	0	0
6.012	1	1	602	3	1	28	2196	0	0
6.033	1	1	604	4	1	28	2196	0	0
6.04	1	1	605	1	1	28	2196	0	0
6.054	1	1	606	5	1	28	2196	0	0
6.075	1	1	608	6	1	28	2196	0	0
6.096	1	1	610	7	1	28	2196	0	0
6.117	1	1	612	8	1	28	2196	0	0
6.138	1	1	614	9	1	28	2196	0	0
6.14	1	1	615	1	1	28	2196	0	0
6.159	1	1	616	10	1	28	2196	0	0
6.18	1	1	619	1	1	28	2196	0	0
6.201	1	1	621	2	1	28	2196	0	0
6.222	1	1	623	3	1	28	2196	0	0
6.24	1	1	625	1	1	28	2196	0	0
6.243	1	1	625	4	1	28	2196	0	0
6.264	1	1	627	5	1	28	2196	0	0
6.285	1	1	629	6	1	28	2196	0	0
6.306	1	1	631	7	1	28	2196	0	0
6.327	1	1	633	8	1	28	2196	0	0
6.34	1	1	635	1	1	28	2196	0	0
6.348	1	1	635	9	1	28	2196	0	0
6.369	1	1	637	10	1	28	2196	0	0
6.39	1	1	640	1	1	28	2196	0	0
6.411	1	1	642	2	1	28	2196	0	0
6.432	1	1	644	3	1	28	2196	0	0
6.44	1	1	645	1	1	28	2196	0	0
6.453	1	1	646	4	1	28	2196	0	0
6.474	1	1	648	5	1	28	2196	0	0
6.495	1	1	650	6	1	28	2196	0	0
6.516	1	1	652	7	1	28	2196	0	0
6.537	1	1	654	8	1	28	2196	0	0
6.54	1	1	655	1	1	28	2196	0	0
6.558	1	1	656	9	1	28	2196	0	0
6.579	1	1	658	10	1	28	2196	0	0
6.6	1	1	661	1	1	28	2196	0	0
6.621	1	1	663	2	1	28	2196	0	0
6.64	1	1	665	1	1	28	2196	0	0
6.642	1	1	665	3	1	28	2196	0	0
6.663	1	1	667	4	1	28	2196	0	0
6.684	1	1	669	5	1	28	2196	0	0
6.705	1	1	671	6	1	28	2196	0	0
6.726	1	1	673	7	1	28	2196	0	0
6.74	1	1	675	1	1	28	2196	0	0
6.747	1	1	675	8	1	28	2196	0	0
6.768	1	1	677	9	1	28	2196	0	0
6.789	1	1	679	10	1	28	2196	0	0
6.81	1	1	682	1	1	28	2196	0	0
6.831	1	1	684	2	1	28	2196	0	0
6.84	1	1	685	1	1	28	2196	0	0
6.852	1	1	686	3	1	28	2196	0	0
6.873	1	1	688	4	1	28	2196	0	0
6.894	1	1	690	5	1	28	2196	0	0
6.915	1	1	692	6	1	28	2196	0	0
6.936	1	1	694	7	1	28	2196	0	0
6.94	1	1	695	1	1	28	2196	0	0
6.957	1	1	696	8	1	28	2196	0	0
6.978	1	1	698	9	1	28	2196	0	0
6.999	1	1	700	10	1	28	2196	0	0
7.02	1	1	703	1	1	28	2196	0	0
7.04	1	1	705	1	1	28	2196	0	0
7.041	1	1	705	2	1	28	2196	0	0
7.062	1	1	707	3	1	28	2196	0	0
7.083	1	1	709	4	1	28	2196	0	0
7.104	1	1	711	5	1	28	2196	0	0
7.125	1	1	713	6	1	28	2196	0	0
7.14	1	1	715	1	1	28	2196	0	0
7.146	1	1	715	7	1	28	2196	0	0
7.167	1	1	717	8	1	28	2196	0	0
7.188	1	1	719	9	1	28	2196	0	0
7.209	1	1	721	10	1	28	2196	0	0
7.23	1	1	724	1	1	28	2196	0	0
7.24	1	1	725	1	1	28	2196	0	0
7.251	1	1	726	2	1	28	2196	0	0
7.272	1	1	728	3	1	28	2196	0	0
7.293	1	1	730	4	1	28	2196	0	0
7.314	1	1	732	5	1	28	2196	0	0
7.335	1	1	734	6	1	28	2196	0	0
7.34	1	1	735	1	1	28	2196	0	0
7.356	1	1	736	7	1	28	2196	0	0
7.377	1	1	738	8	1	28	2196	0	0
7.398	1	1	740	9	1	28	2196	0	0
7.419	1	1	742	10	1	28	2196	0	0
7.44	1	1	745	1	1	28	2196	0	0
7.461	1	1	747	2	1	28	2196	0	0
7.482	1	1	749	3	1	28	2196	0	0
7.503	1	1	751	4	1	28	2196	0	0
7.524	1	1	753	5	1	28	2196	0	0
7.54	1	1	755	1	1	28	2196	0	0
7.545	1	1	755	6	1	28	2196	0	0
7.566	1	1	757	7	1	28	2196	0	0
7.587	1	1	759	8	1	28	2196	0	0
7.608	1	1	761	9	1	28	2196	0	0
7.629	1	1	763	10	1	28	2196	0	0
7.64	1	1	765	1	1	28	2196	0	0
7.65	1	1	766	1	1	28	2196	0	0
7.671	1	1	768	2	1	28	2196	0	0
7.692	1	1	770	3	1	28	2196	0	0
7.713	1	1	772	4	1	28	2196	0	0
7.734	1	1	774	5	1	28	2196	0	0
7.74	1	1	775	1	1	28	2196	0	0
7.755	1	1	776	6	1	28	2196	0	0
7.776	1	1	778	7	1	28	2196	0	0
7.797	1	1	780	8	1	28	2196	0	0
7.818	1	1	782	9	1	28	2196	0	0
7.839	1	1	784	10	1	28	2196	0	0
7.84	1	1	785	1	1	28	2196	0	0
7.86	1	1	787	1	1	28	2196	0	0
7.881	1	1	789	2	1	28	2196	0	0
7.902	1	1	791	3	1	28	2196	0	0
7.923	1	1	793	4	1	28	2196	0	0
7.94	1	1	795	1	1	28	2196	0	0
7.944	1	1	795	5	1	28	2196	0	0
7.965	1	1	797	6	1	28	2196	0	0
7.986	1	1	799	7	1	28	2196	0	0
8.007	1	1	801	8	1	28	2196	0	0
8.028	1	1	803	9	1	28	2196	0	0
8.04	1	1	805	1	1	28	2196	0	0
8.049	1	1	805	10	1	28	2196	0	0
8.07	1	1	808	1	1	28	2196	0	0
8.091	1	1	810	2	1	28	2196	0	0
8.112	1	1	812	3	1	28	2196	0	0
8.133	1	1	814	4	1	28	2196	0	0
8.14	1	1	815	1	1	28	2196	0	0
8.154	1	1	816	5	1	28	2196	0	0
8.175	1	1	818	6	1	28	2196	0	0
8.196	1	1	820	7	1	28	2196	0	0
8.217	1	1	822	8	1	28	2196	0	0
8.238	1	1	824	9	1	28	2196	0	0
8.24	1	1	825	1	1	28	2196	0	0
8.259	1	1	826	10	1	28	2196	0	0
8.28	1	1	829	1	1	28	2196	0	0
8.301	1	1	831	2	1	28	2196	0	0
8.322	1	1	833	3	1	28	2196	0	0
8.34	1	1	835	1	1	28	2196	0	0
8.343	1	1	835	4	1	28	2196	0	0
8.364	1	1	837	5	1	28	2196	0	0
8.385	1	1	839	6	1	28	2196	0	0
8.406	1	1	841	7	1	28	2196	0	0
8.427	1	1	843	8	1	28	2196	0	0
8.44	1	1	845	1	1	28	2196	0	0
8.448	1	1	845	9	1	28	2196	0	0
8.469	1	1	847	10	1	28	2196	0	0
8.49	1	1	850	1	1	28	2196	0	0
8.511	1	1	852	2	1	28	2196	0	0
8.532	1	1	854	3	1	28	2196	0	0
8.54	1	1	855	1	1	28	2196	0	0
8.553	1	1	856	4	1	28	2196	0	0
8.574	1	1	858	5	1	28	2196	0	0
8.595	1	1	860	6	1	28	2196	0	0
8.616	1	1	862	7	1	28	2196	0	0
8.637	1	1	864	8	1	28	2196	0	0
8.64	1	1	865	1	1	28	2196	0	0
8.658	1	1	866	9	1	28	2196	0	0
8.679	1	1	868	10	1	28	2196	0	0
8.7	1	1	871	1	1	28	2196	0	0
8.721	1	1	873	2	1	28	2196	0	0
8.74	1	1	875	1	1	28	2196	0	0
8.742	1	1	875	3	1	28	2196	0	0
8.763	1	1	877	4	1	28	2196	0	0
8.784	1	1	879	5	1	28	2196	0	0
8.805	1	1	881	6	1	28	2196	0	0
8.826	1	1	883	7	1	28	2196	0	0
8.84	1	1	885	1	1	28	2196	0	0
8.847	1	1	885	8	1	28	2196	0	0
8.868	1	1	887	9	1	28	2196	0	0
8.889	1	1	889	10	1	28	2196	0	0
8.91	1	1	892	1	1	28	2196	0	0
8.931	1	1	894	2	1	28	2196	0	0
8.94	1	1	895	1	1	28	2196	0	0
8.952	1	1	896	3	1	28	2196	0	0
8.973	1	1	898	4	1	28	2196	0	0
8.994	1	1	900	5	1	28	2196	0	0
9.015	1	1	902	6	1	28	2196	0	0
9.036	1	1	904	7	1	28	2196	0	0
9.04	1	1	905	1	1	28	2196	0	0
9.057	1	1	906	8	1	28	2196	0	0
9.078	1	1	908	9	1	28	2196	0	0
9.099	1	1	910	10	1	28	2196	0	0
9.12	1	1	913	1	1	28	2196	0	0
9.14	1	1	915	1	1	28	2196	0	0
9.141	1	1	915	2	1	28	2196	0	0
9.162	1	1	917	3	1	28	2196	0	0
9.183	1	1	919	4	1	28	2196	0	0
9.204	1	1	921	5	1	28	2196	0	0
9.225	1	1	923	6	1	28	2196	0	0
9.24	1	1	925	1	1	28	2196	0	0
9.246	1	1	925	7	1	28	2196	0	0
9.267	1	1	927	8	1	28	2196	0	0
9.288	1	1	929	9	1	28	2196	0	0
9.309	1	1	931	10	1	28	2196	0	0
9.33	1	1	934	1	1	28	2196	0	0
9.34	1	1	935	1	1	28	2196	0	0
9.351	1	1	936	2	1	28	2196	0	0
9.372	1	1	938	3	1	28	2196	0	0
9.393	1	1	940	4	1	28	2196	0	0
9.414	1	1	942	5	1	28	2196	0	0
9.435	1	1	944	6	1	28	2196	0	0
9.44	1	1	945	1	1	28	2196	0	0
9.456	1	1	946	7	1	28	2196	0	0
9.477	1	1	948	8	1	28	2196	0	0
9.498	1	1	950	9	1	28	2196	0	0
9.519	1	1	952	10	1	28	2196	0	0
9.54	1	1	955	1	1	28	2196	0	0
9.561	1	1	957	2	1	28	2196	0	0
9.582	1	1	959	3	1	28	2196	0	0
9.603	1	1	961	4	1	28	2196	0	0
9.624	1	1	963	5	1	28	2196	0	0
9.64	1	1	965	1	1	28	2196	0	0
9.645	1	1	965	6	1	28	2196	0	0
9.666	1	1	967	7	1	28	2196	0	0
9.687	1	1	969	8	1	28	2196	0	0
9.708	1	1	971	9	1	28	2196	0	0
9.729	1	1	973	10	1	28	2196	0	0
9.74	1	1	975	1	1	28	2196	0	0
9.75	1	1	976	1	1	28	2196	0	0
9.771	1	1	978	2	1	28	2196	0	0
9.792	1	1	980	3	1	28	2196	0	0
9.813	1	1	982	4	1	28	2196	0	0
9.834	1	1	984	5	1	28	2196	0	0
9.84	1	1	985	1	1	28	2196	0	0
9.855	1	1	986	6	1	28	2196	0	0
9.876	1	1	988	7	1	28	2196	0	0
9.897	1	1	990	8	1	28	2196	0	0
9.918	1	1	992	9	1	28	2196	0	0
9.939	1	1	994	10	1	28	2196	0	0
9.94	1	1	995	1	1	28	2196	0	0
9.96	1	1	997	1	1	28	2196	0	0
9.981	1	1	999	2	1	28	2196	0	0
10.002	1	1	1001	3	1	28	2196	0	0
10.023	1	1	1003	4	1	28	2196	0	0
10.04	1	1	1005	1	1	28	2196	0	0
10.044	1	1	1005	5	1	28	2196	0	0
10.065	1	1	1007	6	1	28	2196	0	0
10.086	1	1	1009	7	1	28	2196	0	0
10.107	1	1	1011	8	1	28	2196	0	0
10.128	1	1	1013	9	1	28	2196	0	0
10.14	1	1	1015	1	1	28	2196	0	0
10.149	1	1	1015	10	1	28	2196	0	0
10.17	1	1	1018	1	1	28	2196	0	0
10.191	1	1	1020	2	1	28	2196	0	0
10.212	1	1	1022	3	1	28	2196	0	0
10.233	1	1	1024	4	1	28	2196	0	0
10.24	1	1	1025	1	1	28	2196	0	0
10.254	1	1	1026	5	1	28	2196	0	0
10.275	1	1	1028	6	1	28	2196	0	0
10.296	1	1	1030	7	1	28	2196	0	0
10.317	1	1	1032	8	1	28	2196	0	0
10.338	1	1	1034	9	1	28	2196	0	0
10.34	1	1	1035	1	1	28	2196	0	0
10.359	1	1	1036	10	1	28	2196	0	0
10.38	1	1	1039	1	1	28	2196	0	0
10.401	1	1	1041	2	1	28	2196	0	0
10.422	1	1	1043	3	1	28	2196	0	0
10.44	1	1	1045	1	1	28	2196	0	0
10.443	1	1	1045	4	1	28	2196	0	0
10.464	1	1	1047	5	1	28	2196	0	0
10.485	1	1	1049	6	1	28	2196	0	0
10.506	1	1	1051	7	1	28	2196	0	0
10.527	1	1	1053	8	1	28	2196	0	0
10.54	1	1	1055	1	1	28	2196	0	0
10.548	1	1	1055	9	1	28	2196	0	0
10.569	1	1	1057	10	1	28	2196	0	0
10.59	1	1	1060	1	1	28	2196	0	0
10.611	1	1	1062	2	1	28	2196	0	0
10.632	1	1	1064	3	1	28	2196	0	0
10.64	1	1	1065	1	1	28	2196	0	0
10.653	1	1	1066	4	1	28	2196	0	0
10.674	1	1	1068	5	1	28	2196	0	0
10.695	1	1	1070	6	1	28	2196	0	0
10.716	1	1	1072	7	1	28	2196	0	0
10.737	1	1	1074	8	1	28	2196	0	0
10.74	1	1	1075	1	1	28	2196	0	0
10.758	1	1	1076	9	1	28	2196	0	0
10.779	1	1	1078	10	1	28	2196	0	0
10.8	1	1	1081	1	1	28	2196	0	0
10.821	1	1	1083	2	1	28	2196	0	0
10.84	1	1	1085	1	1	28	2196	0	0
10.842	1	1	1085	3	1	28	2196	0	0
10.863	1	1	1087	4	1	28	2196	0	0
10.884	1	1	1089	5	1	28	2196	0	0
10.905	1	1	1091	6	1	28	2196	0	0
10.926	1	1	1093	7	1	28	2196	0	0
10.94	1	1	1095	1	1	28	2196	0	0
10.947	1	1	1095	8	1	28	2196	0	0
10.968	1	1	1097	9	1	28	2196	0	0
10.989	1	1	1099	10	1	28	2196	0	0
11.01	1	1	1102	1	1	28	2196	0	0
11.031	1	1	1104	2	1	28	2196	0	0
11.04	1	1	1105	1	1	28	2196	0	0
11.052	1	1	1106	3	1	28	2196	0	0
11.073	1	1	1108	4	1	28	2196	0	0
11.094	1	1	1110	5	1	28	2196	0	0
11.115	1	1	1112	6	1	28	2196	0	0
11.136	1	1	1114	7	1	28	2196	0	0
11.14	1	1	1115	1	1	28	2196	0	0
11.157	1	1	1116	8	1	28	2196	0	0
11.178	1	1	1118	9	1	28	2196	0	0
11.199	1	1	1120	10	1	28	2196	0	0
11.22	1	1	1123	1	1	28	2196	0	0
11.24	1	1	1125	1	1	28	2196	0	0
11.241	1	1	1125	2	1	28	2196	0	0
11.262	1	1	1127	3	1	28	2196	0	0
11.283	1	1	1129	4	1	28	2196	0	0
11.304	1	1	1131	5	1	28	2196	0	0
11.325	1	1	1133	6	1	28	2196	0	0
11.34	1	1	1135	1	1	28	2196	0	0
11.346	1	1	1135	7	1	28	2196	0	0
11.367	1	1	1137	8	1	28	2196	0	0
11.388	1	1	1139	9	1	28	2196	0	0
11.409	1	1	1141	10	1	28	2196	0	0
11.43	1	1	1144	1	1	28	2196	0	0
11.44	1	1	1145	1	1	28	2196	0	0
11.451	1	1	1146	2	1	28	2196	0	0
11.472	1	1	1148	3	1	28	2196	0	0
11.493	1	1	1150	4	1	28	2196	0	0
11.514	1	1	1152	5	1	28	2196	0	0
11.535	1	1	1154	6	1	28	2196	0	0
11.54	1	1	1155	1	1	28	2196	0	0
11.556	1	1	1156	7	1	28	2196	0	0
11.577	1	1	1158	8	1	28	2196	0	0
11.598	1	1	1160	9	1	28	2196	0	0
11.619	1	1	1162	10	1	28	2196	0	0
11.64	1	1	1165	1	1	28	2196	0	0
11.661	1	1	1167	2	1	28	2196	0	0
11.682	1	1	1169	3	1	28	2196	0	0
11.703	1	1	1171	4	1	28	2196	0	0
11.724	1	1	1173	5	1	28	2196	0	0
11.74	1	1	1175	1	1	28	2196	0	0
11.745	1	1	1175	6	1	28	2196	0	0
11.766	1	1	1177	7	1	28	2196	0	0
11.787	1	1	1179	8	1	28	2196	0	0
11.808	1	1	1181	9	1	28	2196	0	0
11.829	1	1	1183	10	1	28	2196	0	0
11.84	1	1	1185	1	1	28	2196	0	0
11.85	1	1	1186	1	1	28	2196	0	0
11.871	1	1	1188	2	1	28	2196	0	0
11.892	1	1	1190	3	1	28	2196	0	0
11.913	1	1	1192	4	1	28	2196	0	0
11.934	1	1	1194	5	1	28	2196	0	0
11.94	1	1	1195	1	1	28	2196	0	0
11.955	1	1	1196	6	1	28	2196	0	0
11.976	1	1	1198	7	1	28	2196	0	0
11.997	1	1	1200	8	1	28	2196	0	0
12.018	1	1	1202	9	1	28	2196	0	0
12.039	1	1	1204	10	1	28	2196	0	0
12.04	1	1	1205	1	1	28	2196	0	0
12.06	1	1	1207	1	1	28	2196	0	0
12.081	1	1	1209	2	1	28	2196	0	0
12.102	1	1	1211	3	1	28	2196	0	0
12.123	1	1	1213	4	1	28	2196	0	0
12.14	1	1	1215	1	1	28	2196	0	0
12.144	1	1	1215	5	1	28	2196	0	0
12.165	1	1	1217	6	1	28	2196	0	0
12.186	1	1	1219	7	1	28	2196	0	0
12.207	1	1	1221	8	1	28	2196	0	0
12.228	1	1	1223	9	1	28	2196	0	0
12.24	1	1	1225	1	1	28	2196	0	0
12.249	1	1	1225	10	1	28	2196	0	0
12.27	1	1	1228	1	1	28	2196	0	0
12.291	1	1	1230	2	1	28	2196	0	0
12.312	1	1	1232	3	1	28	2196	0	0
12.333	1	1	1234	4	1	28	2196	0	0
12.34	1	1	1235	1	1	28	2196	0	0
12.354	1	1	1236	5	1	28	2196	0	0
12.375	1	1	1238	6	1	28	2196	0	0
12.396	1	1	1240	7	1	28	2196	0	0
12.417	1	1	1242	8	1	28	2196	0	0
12.438	1	1	1244	9	1	28	2196	0	0
12.44	1	1	1245	1	1	28	2196	0	0
12.459	1	1	1246	10	1	28	2196	0	0
12.48	1	1	1249	1	1	28	2196	0	0
12.501	1	1	1251	2	1	28	2196	0	0
12.522	1	1	1253	3	1	28	2196	0	0
12.54	1	1	1255	1	1	28	2196	0	0
12.543	1	1	1255	4	1	28	2196	0	0
12.564	1	1	1257	5	1	28	2196	0	0
12.585	1	1	1259	6	1	28	2196	0	0
12.606	1	1	1261	7	1	28	2196	0	0
12.627	1	1	1263	8	1	28	2196	0	0
12.64	1	1	1265	1	1	28	2196	0	0
12.648	1	1	1265	9	1	28	2196	0	0
12.669	1	1	1267	10	1	28	2196	0	0
12.69	1	1	1270	1	1	28	2196	0	0
12.711	1	1	1272	2	1	28	2196	0	0
12.732	1	1	1274	3	1	28	2196	0	0
12.74	1	1	1275	1	1	28	2196	0	0
12.753	1	1	1276	4	1	28	2196	0	0
12.774	1	1	1278	5	1	28	2196	0	0
12.795	1	1	1280	6	1	28	2196	0	0
12.816	1	1	1282	7	1	28	2196	0	0
12.837	1	1	1284	8	1	28	2196	0	0
12.84	1	1	1285	1	1	28	2196	0	0
12.858	1	1	1286	9	1	28	2196	0	0
12.879	1	1	1288	10	1	28	2196	0	0
12.9	1	1	1291	1	1	28	2196	0	0
12.921	1	1	1293	2	1	28	2196	0	0
12.94	1	1	1295	1	1	28	2196	0	0
12.942	1	1	1295	3	1	28	2196	0	0
12.963	1	1	1297	4	1	28	2196	0	0
12.984	1	1	1299	5	1	28	2196	0	0
13.005	1	1	1301	6	1	28	2196	0	0
13.026	1	1	1303	7	1	28	2196	0	0
13.04	1	1	1305	1	1	28	2196	0	0
13.047	1	1	1305	8	1	28	2196	0	0
13.068	1	1	1307	9	1	28	2196	0	0
13.089	1	1	1309	10	1	28	2196	0	0
13.11	1	1	1312	1	1	28	2196	0	0
13.131	1	1	1314	2	1	28	2196	0	0
13.14	1	1	1315	1	1	28	2196	0	0
13.152	1	1	1316	3	1	28	2196	0	0
13.173	1	1	1318	4	1	28	2196	0	0
13.194	1	1	1320	5	1	28	2196	0	0
13.215	1	1	1322	6	1	28	2196	0	0
13.236	1	1	1324	7	1	28	2196	0	0
13.24	1	1	1325	1	1	28	2196	0	0
13.257	1	1	1326	8	1	28	2196	0	0
13.278	1	1	1328	9	1	28	2196	0	0
13.299	1	1	1330	10	1	28	2196	0	0
13.32	1	1	1333	1	1	28	2196	0	0
13.34	1	1	1335	1	1	28	2196	0	0
13.341	1	1	1335	2	1	28	2196	0	0
13.362	1	1	1337	3	1	28	2196	0	0
13.383	1	1	1339	4	1	28	2196	0	0
13.404	1	1	1341	5	1	28	2196	0	0
13.425	1	1	1343	6	1	28	2196	0	0
13.44	1	1	1345	1	1	28	2196	0	0
13.446	1	1	1345	7	1	28	2196	0	0
13.467	1	1	1347	8	1	28	2196	0	0
13.488	1	1	1349	9	1	28	2196	0	0
13.509	1	1	1351	10	1	28	2196	0	0
13.53	1	1	1354	1	1	28	2196	0	0
13.54	1	1	1355	1	1	28	2196	0	0
13.551	1	1	1356	2	1	28	2196	0	0
13.572	1	1	1358	3	1	28	2196	0	0
13.593	1	1	1360	4	1	28	2196	0	0
13.614	1	1	1362	5	1	28	2196	0	0
13.635	1	1	1364	6	1	28	2196	0	0
13.64	1	1	1365	1	1	28	2196	0	0
13.656	1	1	1366	7	1	28	2196	0	0
13.677	1	1	1368	8	1	28	2196	0	0
13.698	1	1	1370	9	1	28	2196	0	0
13.719	1	1	1372	10	1	28	2196	0	0
13.74	1	1	1375	1	1	28	2196	0	0
13.761	1	1	1377	2	1	28	2196	0	0
13.782	1	1	1379	3	1	28	2196	0	0
13.803	1	1	1381	4	1	28	2196	0	0
13.824	1	1	1383	5	1	28	2196	0	0
13.84	1	1	1385	1	1	28	2196	0	0
13.845	1	1	1385	6	1	28	2196	0	0
13.866	1	1	1387	7	1	28	2196	0	0
13.887	1	1	1389	8	1	28	2196	0	0
13.908	1	1	1391	9	1	28	2196	0	0
13.929	1	1	1393	10	1	28	2196	0	0
13.94	1	1	1395	1	1	28	2196	0	0
13.95	1	1	1396	1	1	28	2196	0	0
13.971	1	1	1398	2	1	28	2196	0	0
13.992	1	1	1400	3	1	28	2196	0	0
14.013	1	1	1402	4	1	28	2196	0	0
14.034	1	1	1404	5	1	28	2196	0	0
14.04	1	1	1405	1	1	28	2196	0	0
14.055	1	1	1406	6	1	28	2196	0	0
14.076	1	1	1408	7	1	28	2196	0	0
14.097	1	1	1410	8	1	28	2196	0	0
14.118	1	1	1412	9	1	28	2196	0	0
14.139	1	1	1414	10	1	28	2196	0	0
14.14	1	1	1415	1	1	28	2196	0	0
14.16	1	1	1417	1	1	28	2196	0	0
14.181	1	1	1419	2	1	28	2196	0	0
14.202	1	1	1421	3	1	28	2196	0	0
14.223	1	1	1423	4	1	28	2196	0	0
14.24	1	1	1425	1	1	28	2196	0	0
14.244	1	1	1425	5	1	28	2196	0	0
14.265	1	1	1427	6	1	28	2196	0	0
14.286	1	1	1429	7	1	28	2196	0	0
14.307	1	1	1431	8	1	28	2196	0	0
14.328	1	1	1433	9	1	28	2196	0	0
14.34	1	1	1435	1	1	28	2196	0	0
14.349	1	1	1435	10	1	28	2196	0	0
14.37	1	1	1438	1	1	28	2196	0	0
14.391	1	1	1440	2	1	28	2196	0	0
14.412	1	1	1442	3	1	28	2196	0	0
14.433	1	1	1444	4	1	28	2196	0	0
14.44	1	1	1445	1	1	28	2196	0	0
14.454	1	1	1446	5	1	28	2196	0	0
14.475	1	1	1448	6	1	28	2196	0	0
14.496	1	1	1450	7	1	28	2196	0	0
14.517	1	1	1452	8	1	28	2196	0	0
14.538	1	1	1454	9	1	28	2196	0	0
14.54	1	1	1455	1	1	28	2196	0	0
14.559	1	1	1456	10	1	28	2196	0	0
14.58	1	1	1459	1	1	28	2196	0	0
14.601	1	1	1461	2	1	28	2196	0	0
14.622	1	1	1463	3	1	28	2196	0	0
14.64	1	1	1465	1	1	28	2196	0	0
14.643	1	1	1465	4	1	28	2196	0	0
14.664	1	1	1467	5	1	28	2196	0	0
14.685	1	1	1469	6	1	28	2196	0	0
14.706	1	1	1471	7	1	28	2196	0	0
14.727	1	1	1473	8	1	28	2196	0	0
14.74	1	1	1475	1	1	28	2196	0	0
14.748	1	1	1475	9	1	28	2196	0	0
14.769	1	1	1477	10	1	28	2196	0	0
14.79	1	1	1480	1	1	28	2196	0	0
14.811	1	1	1482	2	1	28	2196	0	0
14.832	1	1	1484	3	1	28	2196	0	0
14.84	1	1	1485	1	1	28	2196	0	0
14.853	1	1	1486	4	1	28	2196	0	0
14.874	1	1	1488	5	1	28	2196	0	0
14.895	1	1	1490	6	1	28	2196	0	0
14.916	1	1	1492	7	1	28	2196	0	0
14.937	1	1	1494	8	1	28	2196	0	0
14.94	1	1	1495	1	1	28	2196	0	0
14.958	1	1	1496	9	1	28	2196	0	0
14.979	1	1	1498	10	1	28	2196	0	0
15	1	1	1501	1	1	28	2196	0	0
15.021	1	1	1503	2	1	28	2196	0	0
15.04	1	1	1505	1	1	28	2196	0	0
15.042	1	1	1505	3	1	28	2196	0	0
15.063	1	1	1507	4	1	28	2196	0	0
15.084	1	1	1509	5	1	28	2196	0	0
15.105	1	1	1511	6	1	28	2196	0	0
15.126	1	1	1513	7	1	28	2196	0	0
15.14	1	1	1515	1	1	28	2196	0	0
15.147	1	1	1515	8	1	28	2196	0	0
15.168	1	1	1517	9	1	28	2196	0	0
15.189	1	1	1519	10	1	28	2196	0	0
15.21	1	1	1522	1	1	28	2196	0	0
15.231	1	1	1524	2	1	28	2196	0	0
15.24	1	1	1525	1	1	28	2196	0	0
15.252	1	1	1526	3	1	28	2196	0	0
15.273	1	1	1528	4	1	28	2196	0	0
15.294	1	1	1530	5	1	28	2196	0	0
15.315	1	1	1532	6	1	28	2196	0	0
15.336	1	1	1534	7	1	28	2196	0	0
15.34	1	1	1535	1	1	28	2196	0	0
15.357	1	1	1536	8	1	28	2196	0	0
15.378	1	1	1538	9	1	28	2196	0	0
15.399	1	1	1540	10	1	28	2196	0	0
15.42	1	1	1543	1	1	28	2196	0	0
15.44	1	1	1545	1	1	28	2196	0	0
15.441	1	1	1545	2	1	28	2196	0	0
15.462	1	1	1547	3	1	28	2196	0	0
15.483	1	1	1549	4	1	28	2196	0	0
15.504	1	1	1551	5	1	28	2196	0	0
15.525	1	1	1553	6	1	28	2196	0	0
15.54	1	1	1555	1	1	28	2196	0	0
15.546	1	1	1555	7	1	28	2196	0	0
15.567	1	1	1557	8	1	28	2196	0	0
15.588	1	1	1559	9	1	28	2196	0	0
15.609	1	1	1561	10	1	28	2196	0	0
15.63	1	1	1564	1	1	28	2196	0	0
15.64	1	1	1565	1	1	28	2196	0	0
15.651	1	1	1566	2	1	28	2196	0	0
15.672	1	1	1568	3	1	28	2196	0	0
15.693	1	1	1570	4	1	28	2196	0	0
15.714	1	1	1572	5	1	28	2196	0	0
15.735	1	1	1574	6	1	28	2196	0	0
15.74	1	1	1575	1	1	28	2196	0	0
15.756	1	1	1576	7	1	28	2196	0	0
15.777	1	1	1578	8	1	28	2196	0	0
15.798	1	1	1580	9	1	28	2196	0	0
15.819	1	1	1582	10	1	28	2196	0	0
15.84	1	1	1585	1	1	28	2196	0	0
15.861	1	1	1587	2	1	28	2196	0	0
15.882	1	1	1589	3	1	28	2196	0	0
15.903	1	1	1591	4	1	28	2196	0	0
15.924	1	1	1593	5	1	28	2196	0	0
15.94	1	1	1595	1	1	28	2196	0	0
15.945	1	1	1595	6	1	28	2196	0	0
15.966	1	1	1597	7	1	28	2196	0	0
15.987	1	1	1599	8	1	28	2196	0	0
16.008	1	1	1601	9	1	28	2196	0	0
16.029	1	1	1603	10	1	28	2196	0	0
16.04	1	1	1605	1	1	28	2196	0	0
16.05	1	1	1606	1	1	28	2196	0	0
16.071	1	1	1608	2	1	28	2196	0	0
16.092	1	1	1610	3	1	28	2196	0	0
16.113	1	1	1612	4	1	28	2196	0	0
16.134	1	1	1614	5	1	28	2196	0	0
16.14	1	1	1615	1	1	28	2196	0	0
16.155	1	1	1616	6	1	28	2196	0	0
16.176	1	1	1618	7	1	28	2196	0	0
16.197	1	1	1620	8	1	28	2196	0	0
16.218	1	1	1622	9	1	28	2196	0	0
16.239	1	1	1624	10	1	28	2196	0	0
16.24	1	1	1625	1	1	28	2196	0	0
16.26	1	1	1627	1	1	28	2196	0	0
16.281	1	1	1629	2	1	28	2196	0	0
16.302	1	1	1631	3	1	28	2196	0	0
16.323	1	1	1633	4	1	28	2196	0	0
16.34	1	1	1635	1	1	28	2196	0	0
16.344	1	1	1635	5	1	28	2196	0	0
16.365	1	1	1637	6	1	28	2196	0	0
16.386	1	1	1639	7	1	28	2196	0	0
16.407	1	1	1641	8	1	28	2196	0	0
16.428	1	1	1643	9	1	28	2196	0	0
16.44	1	1	1645	1	1	28	2196	0	0
16.449	1	1	1645	10	1	28	2196	0	0
16.47	1	1	1648	1	1	28	2196	0	0
16.491	1	1	1650	2	1	28	2196	0	0
16.512	1	1	1652	3	1	28	2196	0	0
16.533	1	1	1654	4	1	28	2196	0	0
16.54	1	1	1655	1	1	28	2196	0	0
16.554	1	1	1656	5	1	28	2196	0	0
16.575	1	1	1658	6	1	28	2196	0	0
16.596	1	1	1660	7	1	28	2196	0	0
16.617	1	1	1662	8	1	28	2196	0	0
16.638	1	1	1664	9	1	28	2196	0	0
16.64	1	1	1665	1	1	28	2196	0	0
16.659	1	1	1666	10	1	28	2196	0	0
16.68	1	1	1669	1	1	28	2196	0	0
16.701	1	1	1671	2	1	28	2196	0	0
16.722	1	1	1673	3	1	28	2196	0	0
16.74	1	1	1675	1	1	28	2196	0	0
16.743	1	1	1675	4	1	28	2196	0	0
16.764	1	1	1677	5	1	28	2196	0	0
16.785	1	1	1679	6	1	28	2196	0	0
16.806	1	1	1681	7	1	28	2196	0	0
16.827	1	1	1683	8	1	28	2196	0	0
16.84	1	1	1685	1	1	28	2196	0	0
16.848	1	1	1685	9	1	28	2196	0	0
16.869	1	1	1687	10	1	28	2196	0	0
16.89	1	1	1690	1	1	28	2196	0	0
16.911	1	1	1692	2	1	28	2196	0	0
16.932	1	1	1694	3	1	28	2196	0	0
16.94	1	1	1695	1	1	28	2196	0	0
16.953	1	1	1696	4	1	28	2196	0	0
16.974	1	1	1698	5	1	28	2196	0	0
16.995	1	1	1700	6	1	28	2196	0	0
17.016	1	1	1702	7	1	28	2196	0	0
17.037	1	1	1704	8	1	28	2196	0	0
17.04	1	1	1705	1	1	28	2196	0	0
17.058	1	1	1706	9	1	28	2196	0	0
17.079	1	1	1708	10	1	28	2196	0	0
17.1	1	1	1711	1	1	28	2196	0	0
17.121	1	1	1713	2	1	28	2196	0	0
17.14	1	1	1715	1	1	28	2196	0	0
17.142	1	1	1715	3	1	28	2196	0	0
17.163	1	1	1717	4	1	28	2196	0	0
17.184	1	1	1719	5	1	28	2196	0	0
17.205	1	1	1721	6	1	28	2196	0	0
17.226	1	1	1723	7	1	28	2196	0	0
17.24	1	1	1725	1	1	28	2196	0	0
17.247	1	1	1725	8	1	28	2196	0	0
17.268	1	1	1727	9	1	28	2196	0	0
17.289	1	1	1729	10	1	28	2196	0	0
17.31	1	1	1732	1	1	28	2196	0	0
17.331	1	1	1734	2	1	28	2196	0	0
17.34	1	1	1735	1	1	28	2196	0	0
17.352	1	1	1736	3	1	28	2196	0	0
17.373	1	1	1738	4	1	28	2196	0	0
17.394	1	1	1740	5	1	28	2196	0	0
17.415	1	1	1742	6	1	28	2196	0	0
17.436	1	1	1744	7	1	28	2196	0	0
17.44	1	1	1745	1	1	28	2196	0	0
17.457	1	1	1746	8	1	28	2196	0	0
17.478	1	1	1748	9	1	28	2196	0	0
17.499	1	1	1750	10	1	28	2196	0	0
17.52	1	1	1753	1	1	28	2196	0	0
17.54	1	1	1755	1	1	28	2196	0	0
17.541	1	1	1755	2	1	28	2196	0	0
17.562	1	1	1757	3	1	28	2196	0	0
17.583	1	1	1759	4	1	28	2196	0	0
17.604	1	1	1761	5	1	28	2196	0	0
17.625	1	1	1763	6	1	28	2196	0	0
17.64	1	1	1765	1	1	28	2196	0	0
17.646	1	1	1765	7	1	28	2196	0	0
17.667	1	1	1767	8	1	28	2196	0	0
17.688	1	1	1769	9	1	28	2196	0	0
17.709	1	1	1771	10	1	28	2196	0	0
17.73	1	1	1774	1	1	28	2196	0	0
17.74	1	1	1775	1	1	28	2196	0	0
17.751	1	1	1776	2	1	28	2196	0	0
17.772	1	1	1778	3	1	28	2196	0	0
17.793	1	1	1780	4	1	28	2196	0	0
17.814	1	1	1782	5	1	28	2196	0	0
17.835	1	1	1784	6	1	28	2196	0	0
17.84	1	1	1785	1	1	28	2196	0	0
17.856	1	1	1786	7	1	28	2196	0	0
17.877	1	1	1788	8	1	28	2196	0	0
17.898	1	1	1790	9	1	28	2196	0	0
17.919	1	1	1792	10	1	28	2196	0	0
17.94	1	1	1795	1	1	28	2196	0	0
17.961	1	1	1797	2	1	28	2196	0	0
17.982	1	1	1799	3	1	28	2196	0	0
18.003	1	1	1801	4	1	28	2196	0	0
18.024	1	1	1803	5	1	28	2196	0	0
18.04	1	1	1805	1	1	28	2196	0	0
18.045	1	1	1805	6	1	28	2196	0	0
18.066	1	1	1807	7	1	28	2196	0	0
18.087	1	1	1809	8	1	28	2196	0	0
18.108	1	1	1811	9	1	28	2196	0	0
18.129	1	1	1813	10	1	28	2196	0	0
18.14	1	1	1815	1	1	28	2196	0	0
18.15	1	1	1816	1	1	28	2196	0	0
18.171	1	1	1818	2	1	28	2196	0	0
18.192	1	1	1820	3	1	28	2196	0	0
18.213	1	1	1822	4	1	28	2196	0	0
18.234	1	1	1824	5	1	28	2196	0	0
18.24	1	1	1825	1	1	28	2196	0	0
18.255	1	1	1826	6	1	28	2196	0	0
18.276	1	1	1828	7	1	28	2196	0	0
18.297	1	1	1830	8	1	28	2196	0	0
18.318	1	1	1832	9	1	28	2196	0	0
18.339	1	1	1834	10	1	28	2196	0	0
18.34	1	1	1835	1	1	28	2196	0	0
18.36	1	1	1837	1	1	28	2196	0	0
18.381	1	1	1839	2	1	28	2196	0	0
18.402	1	1	1841	3	1	28	2196	0	0
18.423	1	1	1843	4	1	28	2196	0	0
18.44	1	1	1845	1	1	28	2196	0	0
18.444	1	1	1845	5	1	28	2196	0	0
18.465	1	1	1847	6	1	28	2196	0	0
18.486	1	1	1849	7	1	28	2196	0	0
18.507	1	1	1851	8	1	28	2196	0	0
18.528	1	1	1853	9	1	28	2196	0	0
18.54	1	1	1855	1	1	28	2196	0	0
18.549	1	1	1855	10	1	28	2196	0	0
18.57	1	1	1858	1	1	28	2196	0	0
18.591	1	1	1860	2	1	28	2196	0	0
18.612	1	1	1862	3	1	28	2196	0	0
18.633	1	1	1864	4	1	28	2196	0	0
18.64	1	1	1865	1	1	28	2196	0	0
18.654	1	1	1866	5	1	28	2196	0	0
18.675	1	1	1868	6	1	28	2196	0	0
18.696	1	1	1870	7	1	28	2196	0	0
18.717	1	1	1872	8	1	28	2196	0	0
18.738	1	1	1874	9	1	28	2196	0	0
18.74	1	1	1875	1	1	28	2196	0	0
18.759	1	1	1876	10	1	28	2196	0	0
18.78	1	1	1879	1	1	28	2196	0	0
18.801	1	1	1881	2	1	28	2196	0	0
18.822	1	1	1883	3	1	28	2196	0	0
18.84	1	1	1885	1	1	28	2196	0	0
18.843	1	1	1885	4	1	28	2196	0	0
18.864	1	1	1887	5	1	28	2196	0	0
18.885	1	1	1889	6	1	28	2196	0	0
18.906	1	1	1891	7	1	28	2196	0	0
18.927	1	1	1893	8	1	28	2196	0	0
18.94	1	1	1895	1	1	28	2196	0	0
18.948	1	1	1895	9	1	28	2196	0	0
18.969	1	1	1897	10	1	28	2196	0	0
18.99	1	1	1900	1	1	28	2196	0	0
19.011	1	1	1902	2	1	28	2196	0	0
19.032	1	1	1904	3	1	28	2196	0	0
19.04	1	1	1905	1	1	28	2196	0	0
19.053	1	1	1906	4	1	28	2196	0	0
19.074	1	1	1908	5	1	28	2196	0	0
19.095	1	1	1910	6	1	28	2196	0	0
19.116	1	1	1912	7	1	28	2196	0	0
19.137	1	1	1914	8	1	28	2196	0	0
19.14	1	1	1915	1	1	28	2196	0	0
19.158	1	1	1916	9	1	28	2196	0	0
19.179	1	1	1918	10	1	28	2196	0	0
19.2	1	1	1921	1	1	28	2196	0	0
19.221	1	1	1923	2	1	28	2196	0	0
19.24	1	1	1925	1	1	28	2196	0	0
19.242	1	1	1925	3	1	28	2196	0	0
19.263	1	1	1927	4	1	28	2196	0	0
19.284	1	1	1929	5	1	28	2196	0	0
19.305	1	1	1931	6	1	28	2196	0	0
19.326	1	1	1933	7	1	28	2196	0	0
19.34	1	1	1935	1	1	28	2196	0	0
19.347	1	1	1935	8	1	28	2196	0	0
19.368	1	1	1937	9	1	28	2196	0	0
19.389	1	1	1939	10	1	28	2196	0	0
19.41	1	1	1942	1	1	28	2196	0	0
19.431	1	1	1944	2	1	28	2196	0	0
19.44	1	1	1945	1	1	28	2196	0	0
19.452	1	1	1946	3	1	28	2196	0	0
19.473	1	1	1948	4	1	28	2196	0	0
19.494	1	1	1950	5	1	28	2196	0	0
19.515	1	1	1952	6	1	28	2196	0	0
19.536	1	1	1954	7	1	28	2196	0	0
19.54	1	1	1955	1	1	28	2196	0	0
19.557	1	1	1956	8	1	28	2196	0	0
19.578	1	1	1958	9	1	28	2196	0	0
19.599	1	1	1960	10	1	28	2196	0	0
19.62	1	1	1963	1	1	28	2196	0	0
19.64	1	1	1965	1	1	28	2196	0	0
19.641	1	1	1965	2	1	28	2196	0	0
19.662	1	1	1967	3	1	28	2196	0	0
19.683	1	1	1969	4	1	28	2196	0	0
19.704	1	1	1971	5	1	28	2196	0	0
19.725	1	1	1973	6	1	28	2196	0	0
19.74	1	1	1975	1	1	28	2196	0	0
19.746	1	1	1975	7	1	28	2196	0	0
19.767	1	1	1977	8	1	28	2196	0	0
19.788	1	1	1979	9	1	28	2196	0	0
19.809	1	1	1981	10	1	28	2196	0	0
19.83	1	1	1984	1	1	28	2196	0	0
19.84	1	1	1985	1	1	28	2196	0	0
19.851	1	1	1986	2	1	28	2196	0	0
19.872	1	1	1988	3	1	28	2196	0	0
19.893	1	1	1990	4	1	28	2196	0	0
19.914	1	1	1992	5	1	28	2196	0	0
19.935	1	1	1994	6	1	28	2196	0	0
19.94	1	1	1995	1	1	28	2196	0	0
19.956	1	1	1996	7	1	28	2196	0	0
19.977	1	1	1998	8	1	28	2196	0	0
19.998	1	1	2000	9	1	28	2196	0	0
20.019	1	1	2002	10	1	28	2196	0	0
20.04	1	1	2005	1	1	28	2196	0	0
20.061	1	1	2007	2	1	28	2196	0	0
20.082	1	1	2009	3	1	28	2196	0	0
20.103	1	1	2011	4	1	28	2196	0	0
20.124	1	1	2013	5	1	28	2196	0	0
20.14	1	1	2015	1	1	28	2196	0	0
20.145	1	1	2015	6	1	28	2196	0	0
20.166	1	1	2017	7	1	28	2196	0	0
20.187	1	1	2019	8	1	28	2196	0	0
20.208	1	1	2021	9	1	28	2196	0	0
20.229	1	1	2023	10	1	28	2196	0	0
20.24	1	1	2025	1	1	28	2196	0	0
20.25	1	1	2026	1	1	28	2196	0	0
20.271	1	1	2028	2	1	28	2196	0	0
20.292	1	1	2030	3	1	28	2196	0	0
20.313	1	1	2032	4	1	28	2196	0	0
20.334	1	1	2034	5	1	28	2196	0	0
20.34	1	1	2035	1	1	28	2196	0	0
20.355	1	1	2036	6	1	28	2196	0	0
20.376	1	1	2038	7	1	28	2196	0	0
20.397	1	1	2040	8	1	28	2196	0	0
20.418	1	1	2042	9	1	28	2196	0	0
20.439	1	1	2044	10	1	28	2196	0	0
20.44	1	1	2045	1	1	28	2196	0	0
20.46	1	1	2047	1	1	28	2196	0	0
20.481	1	1	2049	2	1	28	2196	0	0
20.502	1	1	2051	3	1	28	2196	0	0
20.523	1	1	2053	4	1	28	2196	0	0
20.54	1	1	2055	1	1	28	2196	0	0
20.544	1	1	2055	5	1	28	2196	0	0
20.565	1	1	2057	6	1	28	2196	0	0
20.586	1	1	2059	7	1	28	2196	0	0
20.607	1	1	2061	8	1	28	2196	0	0
20.628	1	1	2063	9	1	28	2196	0	0
20.64	1	1	2065	1	1	28	2196	0	0
20.649	1	1	2065	10	1	28	2196	0	0
20.67	1	1	2068	1	1	28	2196	0	0
20.691	1	1	2070	2	1	28	2196	0	0
20.712	1	1	2072	3	1	28	2196	0	0
20.733	1	1	2074	4	1	28	2196	0	0
20.74	1	1	2075	1	1	28	2196	0	0
20.754	1	1	2076	5	1	28	2196	0	0
20.775	1	1	2078	6	1	28	2196	0	0
20.796	1	1	2080	7	1	28	2196	0	0
20.817	1	1	2082	8	1	28	2196	0	0
20.838	1	1	2084	9	1	28	2196	0	0
20.84	1	1	2085	1	1	28	2196	0	0
20.859	1	1	2086	10	1	28	2196	0	0
20.88	1	1	2089	1	1	28	2196	0	0
20.901	1	1	2091	2	1	28	2196	0	0
20.922	1	1	2093	3	1	28	2196	0	0
20.94	1	1	2095	1	1	28	2196	0	0
20.943	1	1	2095	4	1	28	2196	0	0
20.964	1	1	2097	5	1	28	2196	0	0
20.985	1	1	2099	6	1	28	2196	0	0
21.006	1	1	2101	7	1	28	2196	0	0
21.027	1	1	2103	8	1	28	2196	0	0
21.04	1	1	2105	1	1	28	2196	0	0
21.048	1	1	2105	9	1	28	2196	0	0
21.069	1	1	2107	10	1	28	2196	0	0
21.09	1	1	2110	1	1	28	2196	0	0
21.111	1	1	2112	2	1	28	2196	0	0
21.132	1	1	2114	3	1	28	2196	0	0
21.14	1	1	2115	1	1	28	2196	0	0
21.153	1	1	2116	4	1	28	2196	0	0
21.174	1	1	2118	5	1	28	2196	0	0
21.195	1	1	2120	6	1	28	2196	0	0
21.216	1	1	2122	7	1	28	2196	0	0
21.237	1	1	2124	8	1	28	2196	0	0
21.24	1	1	2125	1	1	28	2196	0	0
21.258	1	1	2126	9	1	28	2196	0	0
21.279	1	1	2128	10	1	28	2196	0	0
21.3	1	1	2131	1	1	28	2196	0	0
21.321	1	1	2133	2	1	28	2196	0	0
21.34	1	1	2135	1	1	28	2196	0	0
21.342	1	1	2135	3	1	28	2196	0	0
21.363	1	1	2137	4	1	28	2196	0	0
21.384	1	1	2139	5	1	28	2196	0	0
21.405	1	1	2141	6	1	28	2196	0	0
21.426	1	1	2143	7	1	28	2196	0	0
21.44	1	1	2145	1	1	28	2196	0	0
21.447	1	1	2145	8	1	28	2196	0	0
21.468	1	1	2147	9	1	28	2196	0	0
21.489	1	1	2149	10	1	28	2196	0	0
21.51	1	1	2152	1	1	28	2196	0	0
21.531	1	1	2154	2	1	28	2196	0	0
21.54	1	1	2155	1	1	28	2196	0	0
21.552	1	1	2156	3	1	28	2196	0	0
21.573	1	1	2158	4	1	28	2196	0	0
21.594	1	1	2160	5	1	28	2196	0	0
21.615	1	1	2162	6	1	28	2196	0	0
21.636	1	1	2164	7	1	28	2196	0	0
21.64	1	1	2165	1	1	28	2196	0	0
21.657	1	1	2166	8	1	28	2196	0	0
21.678	1	1	2168	9	1	28	2196	0	0
21.699	1	1	2170	10	1	28	2196	0	0
21.72	1	1	2173	1	1	28	2196	0	0
21.74	1	1	2175	1	1	28	2196	0	0
21.741	1	1	2175	2	1	28	2196	0	0
21.762	1	1	2177	3	1	28	2196	0	0
21.783	1	1	2179	4	1	28	2196	0	0
21.804	1	1	2181	5	1	28	2196	0	0
21.825	1	1	2183	6	1	28	2196	0	0
21.84	1	1	2185	1	1	28	2196	0	0
21.846	1	1	2185	7	1	28	2196	0	0
21.867	1	1	2187	8	1	28	2196	0	0
21.888	1	1	2189	9	1	28	2196	0	0
21.909	1	1	2191	10	1	28	2196	0	0
21.93	1	1	2194	1	1	28	2196	0	0
21.94	1	1	2195	1	1	28	2196	0	0
21.951	1	1	2196	2	1	28	2196	0	0
21.972	1	1	2198	3	1	28	2196	0	0
21.993	1	1	2200	4	1	28	2196	0	0
22.014	1	1	2202	5	1	28	2196	0	0
22.035	1	1	2204	6	1	28	2196	0	0
22.04	1	1	2205	1	1	28	2196	0	0
22.056	1	1	2206	7	1	28	2196	0	0
22.077	1	1	2208	8	1	28	2196	0	0
22.098	1	1	2210	9	1	28	2196	0	0
22.119	1	1	2212	10	1	28	2196	0	0
22.14	1	1	2215	1	1	28	2196	0	0
22.161	1	1	2217	2	1	28	2196	0	0
22.182	1	1	2219	3	1	28	2196	0	0
22.203	1	1	2221	4	1	28	2196	0	0
22.224	1	1	2223	5	1	28	2196	0	0
22.24	1	1	2225	1	1	28	2196	0	0
22.245	1	1	2225	6	1	28	2196	0	0
22.266	1	1	2227	7	1	28	2196	0	0
22.287	1	1	2229	8	1	28	2196	0	0
22.308	1	1	2231	9	1	28	2196	0	0
22.329	1	1	2233	10	1	28	2196	0	0
22.34	1	1	2235	1	1	28	2196	0	0
22.35	1	1	2236	1	1	28	2196	0	0
22.371	1	1	2238	2	1	28	2196	0	0
22.392	1	1	2240	3	1	28	2196	0	0
22.413	1	1	2242	4	1	28	2196	0	0
22.434	1	1	2244	5	1	28	2196	0	0
22.44	1	1	2245	1	1	28	2196	0	0
22.455	1	1	2246	6	1	28	2196	0	0
22.476	1	1	2248	7	1	28	2196	0	0
22.497	1	1	2250	8	1	28	2196	0	0
22.518	1	1	2252	9	1	28	2196	0	0
22.539	1	1	2254	10	1	28	2196	0	0
22.54	1	1	2255	1	1	28	2196	0	0
22.56	1	1	2257	1	1	28	2196	0	0
22.581	1	1	2259	2	1	28	2196	0	0
22.602	1	1	2261	3	1	28	2196	0	0
22.623	1	1	2263	4	1	28	2196	0	0
22.64	1	1	2265	1	1	28	2196	0	0
22.644	1	1	2265	5	1	28	2196	0	0
22.665	1	1	2267	6	1	28	2196	0	0
22.686	1	1	2269	7	1	28	2196	0	0
22.707	1	1	2271	8	1	28	2196	0	0
22.728	1	1	2273	9	1	28	2196	0	0
22.74	1	1	2275	1	1	28	2196	0	0
22.749	1	1	2275	10	1	28	2196	0	0
22.77	1	1	2278	1	1	28	2196	0	0
22.791	1	1	2280	2	1	28	2196	0	0
22.812	1	1	2282	3	1	28	2196	0	0
22.833	1	1	2284	4	1	28	2196	0	0
22.84	1	1	2285	1	1	28	2196	0	0
22.854	1	1	2286	5	1	28	2196	0	0
22.875	1	1	2288	6	1	28	2196	0	0
22.896	1	1	2290	7	1	28	2196	0	0
22.917	1	1	2292	8	1	28	2196	0	0
22.938	1	1	2294	9	1	28	2196	0	0
22.94	1	1	2295	1	1	28	2196	0	0
22.959	1	1	2296	10	1	28	2196	0	0
22.98	1	1	2299	1	1	28	2196	0	0
23.001	1	1	2301	2	1	28	2196	0	0
23.022	1	1	2303	3	1	28	2196	0	0
23.04	1	1	2305	1	1	28	2196	0	0
23.043	1	1	2305	4	1	28	2196	0	0
23.064	1	1	2307	5	1	28	2196	0	0
23.085	1	1	2309	6	1	28	2196	0	0
23.106	1	1	2311	7	1	28	2196	0	0
23.127	1	1	2313	8	1	28	2196	0	0
23.14	1	1	2315	1	1	28	2196	0	0
23.148	1	1	2315	9	1	28	2196	0	0
23.169	1	1	2317	10	1	28	2196	0	0
23.19	1	1	2320	1	1	28	2196	0	0
23.211	1	1	2322	2	1	28	2196	0	0
23.232	1	1	2324	3	1	28	2196	0	0
23.24	1	1	2325	1	1	28	2196	0	0
23.253	1	1	2326	4	1	28	2196	0	0
23.274	1	1	2328	5	1	28	2196	0	0
23.295	1	1	2330	6	1	28	2196	0	0
23.316	1	1	2332	7	1	28	2196	0	0
23.337	1	1	2334	8	1	28	2196	0	0
23.34	1	1	2335	1	1	28	2196	0	0
23.358	1	1	2336	9	1	28	2196	0	0
23.379	1	1	2338	10	1	28	2196	0	0
23.4	1	1	2341	1	1	28	2196	0	0
23.421	1	1	2343	2	1	28	2196	0	0
23.44	1	1	2345	1	1	28	2196	0	0
23.442	1	1	2345	3	1	28	2196	0	0
23.463	1	1	2347	4	1	28	2196	0	0
