% start	end	CellId	IMSI	RNTI	LCID	nTxPDUs	TxBytes	nRxPDUs	RxBytes	delay	stdDev	min	max	PduSize	stdDev	min	max
0	0.05	1	1	1	0	1	28	1	28	0.003	0	0.003	0.003	28	0	28	28	
0	0.05	1	1	1	1	1	65	0	0	0	0	0	0	0	0	0	0	
0.55	0.6	1	1	1	4	1	58	2	60	0.0015	0.00212132	0	0.003	30	39.598	2	58	
0.6	0.65	1	1	1	4	4	2506	5	2508	0.0024	0.00134164	0	0.003	501.6	379.68	2	775	
0.7	0.75	1	1	1	4	8	6046	9	6048	0.00266667	0.001	0	0.003	672	256.36	2	775	
0.75	0.8	1	1	1	4	16	12094	17	12096	0.00282353	0.000727607	0	0.003	711.529	197.275	2	775	
0.85	0.9	1	1	1	4	32	24190	34	24194	0.00282353	0.000716497	0	0.003	711.588	208.199	2	775	
0.9	0.95	1	1	1	4	16	12012	16	10466	0.002625	0.00102469	0	0.003	654.125	272.254	2	775	
0.95	1	1	1	1	4	32	24274	36	25828	0.00283333	0.000696932	0	0.003	717.444	196.576	2	775	
1	1.05	1	1	1	4	41	31775	42	30231	0.00278571	0.000781983	0	0.003	719.786	201.491	2	775	
1.05	1.1	1	1	1	4	48	36525	50	36529	0.00288	0.000593846	0	0.003	730.58	177.972	2	775	
1.1	1.15	1	1	1	4	47	36425	50	36431	0.00282	0.000719694	0	0.003	728.62	185.441	2	775	
1.15	1.2	1	1	1	4	48	36812	50	36816	0.00288	0.000593846	0	0.003	736.32	161.042	2	775	
1.2	1.25	1	1	1	4	47	36423	50	36429	0.00282	0.000719694	0	0.003	728.58	185.431	2	775	
1.25	1.3	1	1	1	4	48	37200	50	37204	0.00288	0.000593846	0	0.003	744.08	153.014	2	775	
1.3	1.35	1	1	1	4	47	36425	50	36431	0.00282	0.000719694	0	0.003	728.62	185.441	2	775	
1.35	1.4	1	1	1	4	48	37200	50	37204	0.00288	0.000593846	0	0.003	744.08	153.014	2	775	
1.4	1.45	1	1	1	4	47	36425	50	36431	0.00282	0.000719694	0	0.003	728.62	185.441	2	775	
1.45	1.5	1	1	1	4	48	37200	50	37204	0.00288	0.000593846	0	0.003	744.08	153.014	2	775	
1.5	1.55	1	1	1	4	47	36424	50	36430	0.00282	0.000719694	0	0.003	728.6	185.436	2	775	
1.55	1.6	1	1	1	4	48	37200	50	37204	0.00288	0.000593846	0	0.003	744.08	153.014	2	775	
1.6	1.65	1	1	1	4	47	36037	50	36043	0.00282	0.000719694	0	0.003	720.86	191.48	2	775	
1.65	1.7	1	1	1	4	48	37200	50	37204	0.00288	0.000593846	0	0.003	744.08	153.014	2	775	
1.7	1.75	1	1	1	4	47	36425	50	36431	0.00282	0.000719694	0	0.003	728.62	185.441	2	775	
1.75	1.8	1	1	1	4	48	37200	50	37204	0.00288	0.000593846	0	0.003	744.08	153.014	2	775	
1.8	1.85	1	1	1	4	47	36425	50	36431	0.00282	0.000719694	0	0.003	728.62	185.441	2	775	
1.85	1.9	1	1	1	4	48	36812	50	36816	0.00288	0.000593846	0	0.003	736.32	161.042	2	775	
1.9	1.95	1	1	1	4	47	36424	50	36430	0.00282	0.000719694	0	0.003	728.6	185.436	2	775	
1.95	2	1	1	1	4	48	37200	50	37204	0.00288	0.000593846	0	0.003	744.08	153.014	2	775	
2	2.05	1	1	1	4	47	36425	50	36431	0.00282	0.000719694	0	0.003	728.62	185.441	2	775	
2.05	2.1	1	1	1	4	48	37200	50	37204	0.00288	0.000593846	0	0.003	744.08	153.014	2	775	
2.1	2.15	1	1	1	4	47	36037	50	36043	0.00282	0.000719694	0	0.003	720.86	191.48	2	775	
2.15	2.2	1	1	1	4	48	37200	50	37204	0.00288	0.000593846	0	0.003	744.08	153.014	2	775	
2.2	2.25	1	1	1	4	47	36425	50	36431	0.00282	0.000719694	0	0.003	728.62	185.441	2	775	
2.25	2.3	1	1	1	4	48	37200	50	37204	0.00288	0.000593846	0	0.003	744.08	153.014	2	775	
2.3	2.35	1	1	1	4	47	36425	50	36431	0.00282	0.000719694	0	0.003	728.62	185.441	2	775	
2.35	2.4	1	1	1	4	48	36812	50	36816	0.00288	0.000593846	0	0.003	736.32	161.042	2	775	
2.4	2.45	1	1	1	4	47	36425	50	36431	0.00282	0.000719694	0	0.003	728.62	185.441	2	775	
2.45	2.5	1	1	1	4	48	37200	50	37204	0.00288	0.000593846	0	0.003	744.08	153.014	2	775	
2.5	2.55	1	1	1	4	47	34823	50	35185	0.00282	0.000719694	0	0.003	703.7	189.532	2	775	
2.55	2.6	1	1	1	4	48	28656	50	28660	0.00288	0.000593846	0	0.003	573.2	117.779	2	597	
2.6	2.65	1	1	1	4	47	27760	50	27766	0.00282	0.000719694	0	0.003	555.32	147.4	2	597	
2.65	2.7	1	1	1	4	48	28656	50	28660	0.00288	0.000593846	0	0.003	573.2	117.779	2	597	
2.7	2.75	1	1	1	4	47	28059	50	28065	0.00282	0.000719694	0	0.003	561.3	142.739	2	597	
2.75	2.8	1	1	1	4	48	28656	50	28660	0.00288	0.000593846	0	0.003	573.2	117.779	2	597	
2.8	2.85	1	1	1	4	47	27760	50	27766	0.00282	0.000719694	0	0.003	555.32	147.4	2	597	
2.85	2.9	1	1	1	4	48	28656	50	28660	0.00288	0.000593846	0	0.003	573.2	117.779	2	597	
2.9	2.95	1	1	1	4	47	28059	50	28065	0.00282	0.000719694	0	0.003	561.3	142.739	2	597	
2.95	3	1	1	1	4	48	28656	50	28660	0.00288	0.000593846	0	0.003	573.2	117.779	2	597	
3	3.05	1	1	1	4	47	28059	50	28065	0.00282	0.000719694	0	0.003	561.3	142.739	2	597	
3.05	3.1	1	1	1	4	48	28357	50	28361	0.00288	0.000593846	0	0.003	567.22	123.974	2	597	
3.1	3.15	1	1	1	4	47	28059	50	28065	0.00282	0.000719694	0	0.003	561.3	142.739	2	597	
3.15	3.2	1	1	1	4	48	28656	50	28660	0.00288	0.000593846	0	0.003	573.2	117.779	2	597	
3.2	3.25	1	1	1	4	47	28059	50	28065	0.00282	0.000719694	0	0.003	561.3	142.739	2	597	
3.25	3.3	1	1	1	4	48	28656	50	28660	0.00288	0.000593846	0	0.003	573.2	117.779	2	597	
3.3	3.35	1	1	1	4	47	27760	50	27766	0.00282	0.000719694	0	0.003	555.32	147.4	2	597	
3.35	3.4	1	1	1	4	48	28656	50	28660	0.00288	0.000593846	0	0.003	573.2	117.779	2	597	
3.4	3.45	1	1	1	4	47	28059	50	28065	0.00282	0.000719694	0	0.003	561.3	142.739	2	597	
3.45	3.5	1	1	1	4	48	28656	50	28660	0.00288	0.000593846	0	0.003	573.2	117.779	2	597	
3.5	3.55	1	1	1	4	47	28059	50	28065	0.00282	0.000719694	0	0.003	561.3	142.739	2	597	
3.55	3.6	1	1	1	4	48	28357	50	28361	0.00288	0.000593846	0	0.003	567.22	123.974	2	597	
3.6	3.65	1	1	1	4	47	28059	50	28065	0.00282	0.000719694	0	0.003	561.3	142.739	2	597	
3.65	3.7	1	1	1	4	48	28656	50	28660	0.00288	0.000593846	0	0.003	573.2	117.779	2	597	
3.7	3.75	1	1	1	4	47	28059	50	28065	0.00282	0.000719694	0	0.003	561.3	142.739	2	597	
3.75	3.8	1	1	1	4	48	28656	50	28660	0.00288	0.000593846	0	0.003	573.2	117.779	2	597	
3.8	3.85	1	1	1	4	47	28059	50	28065	0.00282	0.000719694	0	0.003	561.3	142.739	2	597	
3.85	3.9	1	1	1	4	48	28656	50	28660	0.00288	0.000593846	0	0.003	573.2	117.779	2	597	
3.9	3.95	1	1	1	4	47	28059	50	28065	0.00282	0.000719694	0	0.003	561.3	142.739	2	597	
3.95	4	1	1	1	4	48	28656	50	28660	0.00288	0.000593846	0	0.003	573.2	117.779	2	597	
4	4.05	1	1	1	4	47	28059	50	28065	0.00282	0.000719694	0	0.003	561.3	142.739	2	597	
4.05	4.1	1	1	1	4	48	28656	50	28660	0.00288	0.000593846	0	0.003	573.2	117.779	2	597	
4.1	4.15	1	1	1	4	47	28059	50	28065	0.00282	0.000719694	0	0.003	561.3	142.739	2	597	
4.15	4.2	1	1	1	4	48	28656	50	28660	0.00288	0.000593846	0	0.003	573.2	117.779	2	597	
4.2	4.25	1	1	1	4	47	28057	50	28063	0.00282	0.000719694	0	0.003	561.26	142.729	2	597	
4.25	4.3	1	1	1	4	48	28656	50	28660	0.00288	0.000593846	0	0.003	573.2	117.779	2	597	
4.3	4.35	1	1	1	4	47	28059	50	28065	0.00282	0.000719694	0	0.003	561.3	142.739	2	597	
4.35	4.4	1	1	1	4	48	28656	50	28660	0.00288	0.000593846	0	0.003	573.2	117.779	2	597	
4.4	4.45	1	1	1	4	47	28058	50	28064	0.00282	0.000719694	0	0.003	561.28	142.734	2	597	
4.45	4.5	1	1	1	4	48	28656	50	28660	0.00288	0.000593846	0	0.003	573.2	117.779	2	597	
4.5	4.55	1	1	1	4	47	27760	50	27766	0.00282	0.000719694	0	0.003	555.32	147.4	2	597	
4.55	4.6	1	1	1	4	48	28656	50	28660	0.00288	0.000593846	0	0.003	573.2	117.779	2	597	
4.6	4.65	1	1	1	4	47	28059	50	28065	0.00282	0.000719694	0	0.003	561.3	142.739	2	597	
4.65	4.7	1	1	1	4	48	28656	50	28660	0.00288	0.000593846	0	0.003	573.2	117.779	2	597	
4.7	4.75	1	1	1	4	47	28059	50	28065	0.00282	0.000719694	0	0.003	561.3	142.739	2	597	
4.75	4.8	1	1	1	4	48	28355	50	28359	0.00288	0.000593846	0	0.003	567.18	123.965	2	597	
4.8	4.85	1	1	1	4	47	28059	50	28065	0.00282	0.000719694	0	0.003	561.3	142.739	2	597	
4.85	4.9	1	1	1	4	48	28656	50	28660	0.00288	0.000593846	0	0.003	573.2	117.779	2	597	
4.9	4.95	1	1	1	4	47	28059	50	28065	0.00282	0.000719694	0	0.003	561.3	142.739	2	597	
4.95	5	1	1	1	4	48	28656	50	28660	0.00288	0.000593846	0	0.003	573.2	117.779	2	597	
5	5.05	1	1	1	4	47	28059	50	28065	0.00282	0.000719694	0	0.003	561.3	142.739	2	597	
5.05	5.1	1	1	1	4	48	28654	50	28658	0.00288	0.000593846	0	0.003	573.16	117.772	2	597	
5.1	5.15	1	1	1	4	47	28059	50	28065	0.00282	0.000719694	0	0.003	561.3	142.739	2	597	
5.15	5.2	1	1	1	4	48	28656	50	28660	0.00288	0.000593846	0	0.003	573.2	117.779	2	597	
5.2	5.25	1	1	1	4	47	28059	50	28065	0.00282	0.000719694	0	0.003	561.3	142.739	2	597	
5.25	5.3	1	1	1	4	48	28655	50	28659	0.00288	0.000593846	0	0.003	573.18	117.775	2	597	
5.3	5.35	1	1	1	4	47	28059	50	28065	0.00282	0.000719694	0	0.003	561.3	142.739	2	597	
5.35	5.4	1	1	1	4	48	28656	50	28660	0.00288	0.000593846	0	0.003	573.2	117.779	2	597	
5.4	5.45	1	1	1	4	47	28059	50	28065	0.00282	0.000719694	0	0.003	561.3	142.739	2	597	
5.45	5.5	1	1	1	4	48	28655	50	28659	0.00288	0.000593846	0	0.003	573.18	117.775	2	597	
5.5	5.55	1	1	1	4	47	28059	50	28065	0.00282	0.000719694	0	0.003	561.3	142.739	2	597	
5.55	5.6	1	1	1	4	48	28656	50	28660	0.00288	0.000593846	0	0.003	573.2	117.779	2	597	
5.6	5.65	1	1	1	4	47	28058	50	28064	0.00282	0.000719694	0	0.003	561.28	142.734	2	597	
5.65	5.7	1	1	1	4	48	28656	50	28660	0.00288	0.000593846	0	0.003	573.2	117.779	2	597	
5.7	5.75	1	1	1	4	47	27760	50	27766	0.00282	0.000719694	0	0.003	555.32	147.4	2	597	
5.75	5.8	1	1	1	4	48	28656	50	28660	0.00288	0.000593846	0	0.003	573.2	117.779	2	597	
5.8	5.85	1	1	1	4	47	28059	50	28065	0.00282	0.000719694	0	0.003	561.3	142.739	2	597	
5.85	5.9	1	1	1	4	48	28656	50	28660	0.00288	0.000593846	0	0.003	573.2	117.779	2	597	
5.9	5.95	1	1	1	4	47	28059	50	28065	0.00282	0.000719694	0	0.003	561.3	142.739	2	597	
5.95	6	1	1	1	4	48	28357	50	28361	0.00288	0.000593846	0	0.003	567.22	123.974	2	597	
6	6.05	1	1	1	4	47	28059	50	28065	0.00282	0.000719694	0	0.003	561.3	142.739	2	597	
6.05	6.1	1	1	1	4	48	28656	50	28660	0.00288	0.000593846	0	0.003	573.2	117.779	2	597	
6.1	6.15	1	1	1	4	47	25115	50	25377	0.00282	0.000719694	0	0.003	507.54	143.284	2	597	
6.15	6.2	1	1	1	4	48	22512	50	22516	0.00288	0.000593846	0	0.003	450.32	92.442	2	469	
6.2	6.25	1	1	1	4	47	21808	50	21814	0.00282	0.000719694	0	0.003	436.28	115.702	2	469	
6.25	6.3	1	1	1	4	48	22512	50	22516	0.00288	0.000593846	0	0.003	450.32	92.442	2	469	
6.3	6.35	1	1	1	4	47	22043	50	22049	0.00282	0.000719694	0	0.003	440.98	112.032	2	469	
6.35	6.4	1	1	1	4	48	22512	50	22516	0.00288	0.000593846	0	0.003	450.32	92.442	2	469	
6.4	6.45	1	1	1	4	47	21808	50	21814	0.00282	0.000719694	0	0.003	436.28	115.702	2	469	
6.45	6.5	1	1	1	4	48	22512	50	22516	0.00288	0.000593846	0	0.003	450.32	92.442	2	469	
6.5	6.55	1	1	1	4	47	22043	50	22049	0.00282	0.000719694	0	0.003	440.98	112.032	2	469	
6.55	6.6	1	1	1	4	48	22512	50	22516	0.00288	0.000593846	0	0.003	450.32	92.442	2	469	
6.6	6.65	1	1	1	4	47	22043	50	22049	0.00282	0.000719694	0	0.003	440.98	112.032	2	469	
6.65	6.7	1	1	1	4	48	22277	50	22281	0.00288	0.000593846	0	0.003	445.62	97.3183	2	469	
6.7	6.75	1	1	1	4	47	22041	50	22047	0.00282	0.000719694	0	0.003	440.94	112.022	2	469	
6.75	6.8	1	1	1	4	48	22512	50	22516	0.00288	0.000593846	0	0.003	450.32	92.442	2	469	
6.8	6.85	1	1	1	4	47	22043	50	22049	0.00282	0.000719694	0	0.003	440.98	112.032	2	469	
6.85	6.9	1	1	1	4	48	22512	50	22516	0.00288	0.000593846	0	0.003	450.32	92.442	2	469	
6.9	6.95	1	1	1	4	47	22042	50	22048	0.00282	0.000719694	0	0.003	440.96	112.027	2	469	
6.95	7	1	1	1	4	48	22512	50	22516	0.00288	0.000593846	0	0.003	450.32	92.442	2	469	
7	7.05	1	1	1	4	47	22043	50	22049	0.00282	0.000719694	0	0.003	440.98	112.032	2	469	
7.05	7.1	1	1	1	4	48	22512	50	22516	0.00288	0.000593846	0	0.003	450.32	92.442	2	469	
7.1	7.15	1	1	1	4	47	22043	50	22049	0.00282	0.000719694	0	0.003	440.98	112.032	2	469	
7.15	7.2	1	1	1	4	48	22276	50	22280	0.00288	0.000593846	0	0.003	445.6	97.3135	2	469	
7.2	7.25	1	1	1	4	47	22043	50	22049	0.00282	0.000719694	0	0.003	440.98	112.032	2	469	
7.25	7.3	1	1	1	4	48	22512	50	22516	0.00288	0.000593846	0	0.003	450.32	92.442	2	469	
7.3	7.35	1	1	1	4	47	22043	50	22049	0.00282	0.000719694	0	0.003	440.98	112.032	2	469	
7.35	7.4	1	1	1	4	48	22512	50	22516	0.00288	0.000593846	0	0.003	450.32	92.442	2	469	
7.4	7.45	1	1	1	4	47	21808	50	21814	0.00282	0.000719694	0	0.003	436.28	115.702	2	469	
7.45	7.5	1	1	1	4	48	22512	50	22516	0.00288	0.000593846	0	0.003	450.32	92.442	2	469	
7.5	7.55	1	1	1	4	47	22043	50	22049	0.00282	0.000719694	0	0.003	440.98	112.032	2	469	
7.55	7.6	1	1	1	4	48	22512	50	22516	0.00288	0.000593846	0	0.003	450.32	92.442	2	469	
7.6	7.65	1	1	1	4	47	21808	50	22049	0.00282	0.000719694	0	0.003	440.98	112.032	2	469	
7.65	7.7	1	1	1	4	48	22512	50	22281	0.00288	0.000593846	0	0.003	445.62	97.3183	2	469	
7.7	7.75	1	1	1	4	47	22043	50	22049	0.00282	0.000719694	0	0.003	440.98	112.032	2	469	
7.75	7.8	1	1	1	4	48	22512	50	22516	0.00288	0.000593846	0	0.003	450.32	92.442	2	469	
7.8	7.85	1	1	1	4	47	22043	50	22049	0.00282	0.000719694	0	0.003	440.98	112.032	2	469	
7.85	7.9	1	1	1	4	48	22277	50	22281	0.00288	0.000593846	0	0.003	445.62	97.3183	2	469	
7.9	7.95	1	1	1	4	47	22043	50	22049	0.00282	0.000719694	0	0.003	440.98	112.032	2	469	
7.95	8	1	1	1	4	48	22512	50	22516	0.00288	0.000593846	0	0.003	450.32	92.442	2	469	
8	8.05	1	1	1	4	47	22043	50	22049	0.00282	0.000719694	0	0.003	440.98	112.032	2	469	
8.05	8.1	1	1	1	4	48	22512	50	22516	0.00288	0.000593846	0	0.003	450.32	92.442	2	469	
8.1	8.15	1	1	1	4	47	22043	50	22049	0.00282	0.000719694	0	0.003	440.98	112.032	2	469	
8.15	8.2	1	1	1	4	48	22510	50	22514	0.00288	0.000593846	0	0.003	450.28	92.4342	2	469	
8.2	8.25	1	1	1	4	47	22043	50	22049	0.00282	0.000719694	0	0.003	440.98	112.032	2	469	
8.25	8.3	1	1	1	4	48	22512	50	22516	0.00288	0.000593846	0	0.003	450.32	92.442	2	469	
8.3	8.35	1	1	1	4	47	22043	50	22049	0.00282	0.000719694	0	0.003	440.98	112.032	2	469	
8.35	8.4	1	1	1	4	48	22277	50	22281	0.00288	0.000593846	0	0.003	445.62	97.3183	2	469	
8.4	8.45	1	1	1	4	47	22043	50	22049	0.00282	0.000719694	0	0.003	440.98	112.032	2	469	
8.45	8.5	1	1	1	4	48	22512	50	22516	0.00288	0.000593846	0	0.003	450.32	92.442	2	469	
8.5	8.55	1	1	1	4	47	22043	50	22049	0.00282	0.000719694	0	0.003	440.98	112.032	2	469	
8.55	8.6	1	1	1	4	48	22512	50	22516	0.00288	0.000593846	0	0.003	450.32	92.442	2	469	
8.6	8.65	1	1	1	4	47	21806	50	21814	0.00282	0.000719694	0	0.003	436.28	115.702	2	469	
8.65	8.7	1	1	1	4	48	21312	50	21410	0.00288	0.000593846	0	0.003	428.2	91.0194	2	469	
8.7	8.75	1	1	1	4	47	19787	50	19793	0.00282	0.000719694	0	0.003	395.86	100.517	2	421	
8.75	8.8	1	1	1	4	48	20208	50	20212	0.00288	0.000593846	0	0.003	404.24	82.9405	2	421	
8.8	8.85	1	1	1	4	47	19576	50	19793	0.00282	0.000719694	0	0.003	395.86	100.517	2	421	
8.85	8.9	1	1	1	4	48	20208	50	20001	0.00288	0.000593846	0	0.003	400.02	87.3224	2	421	
8.9	8.95	1	1	1	4	47	19787	50	19793	0.00282	0.000719694	0	0.003	395.86	100.517	2	421	
8.95	9	1	1	1	4	48	20207	50	20211	0.00288	0.000593846	0	0.003	404.22	82.9365	2	421	
9	9.05	1	1	1	4	47	19787	50	19793	0.00282	0.000719694	0	0.003	395.86	100.517	2	421	
9.05	9.1	1	1	1	4	48	19997	50	20001	0.00288	0.000593846	0	0.003	400.02	87.3224	2	421	
9.1	9.15	1	1	1	4	47	19787	50	19793	0.00282	0.000719694	0	0.003	395.86	100.517	2	421	
9.15	9.2	1	1	1	4	48	20208	50	20212	0.00288	0.000593846	0	0.003	404.24	82.9405	2	421	
9.2	9.25	1	1	1	4	47	19787	50	19793	0.00282	0.000719694	0	0.003	395.86	100.517	2	421	
9.25	9.3	1	1	1	4	48	20208	50	20212	0.00288	0.000593846	0	0.003	404.24	82.9405	2	421	
9.3	9.35	1	1	1	4	47	19576	50	19582	0.00282	0.000719694	0	0.003	391.64	103.815	2	421	
9.35	9.4	1	1	1	4	48	20208	50	20212	0.00288	0.000593846	0	0.003	404.24	82.9405	2	421	
9.4	9.45	1	1	1	4	47	19787	50	19793	0.00282	0.000719694	0	0.003	395.86	100.517	2	421	
9.45	9.5	1	1	1	4	48	20208	50	20212	0.00288	0.000593846	0	0.003	404.24	82.9405	2	421	
9.5	9.55	1	1	1	4	47	19787	50	19793	0.00282	0.000719694	0	0.003	395.86	100.517	2	421	
9.55	9.6	1	1	1	4	48	19997	50	20001	0.00288	0.000593846	0	0.003	400.02	87.3224	2	421	
9.6	9.65	1	1	1	4	47	19787	50	19793	0.00282	0.000719694	0	0.003	395.86	100.517	2	421	
9.65	9.7	1	1	1	4	48	20208	50	20212	0.00288	0.000593846	0	0.003	404.24	82.9405	2	421	
9.7	9.75	1	1	1	4	47	19787	50	19793	0.00282	0.000719694	0	0.003	395.86	100.517	2	421	
9.75	9.8	1	1	1	4	48	20208	50	20212	0.00288	0.000593846	0	0.003	404.24	82.9405	2	421	
9.8	9.85	1	1	1	4	47	19576	50	19582	0.00282	0.000719694	0	0.003	391.64	103.815	2	421	
9.85	9.9	1	1	1	4	48	20208	50	20212	0.00288	0.000593846	0	0.003	404.24	82.9405	2	421	
9.9	9.95	1	1	1	4	47	19787	50	19793	0.00282	0.000719694	0	0.003	395.86	100.517	2	421	
9.95	10	1	1	1	4	48	20208	50	20212	0.00288	0.000593846	0	0.003	404.24	82.9405	2	421	
10	10.05	1	1	1	4	47	19576	50	19582	0.00282	0.000719694	0	0.003	391.64	103.815	2	421	
10.05	10.1	1	1	1	4	48	20208	50	20212	0.00288	0.000593846	0	0.003	404.24	82.9405	2	421	
10.1	10.15	1	1	1	4	47	19787	50	19793	0.00282	0.000719694	0	0.003	395.86	100.517	2	421	
10.15	10.2	1	1	1	4	48	20208	50	20212	0.00288	0.000593846	0	0.003	404.24	82.9405	2	421	
10.2	10.25	1	1	1	4	47	19576	50	19582	0.00282	0.000719694	0	0.003	391.64	103.815	2	421	
10.25	10.3	1	1	1	4	48	20208	50	20212	0.00288	0.000593846	0	0.003	404.24	82.9405	2	421	
10.3	10.35	1	1	1	4	47	19787	50	19793	0.00282	0.000719694	0	0.003	395.86	100.517	2	421	
10.35	10.4	1	1	1	4	48	20208	50	20212	0.00288	0.000593846	0	0.003	404.24	82.9405	2	421	
10.4	10.45	1	1	1	4	47	19787	50	19793	0.00282	0.000719694	0	0.003	395.86	100.517	2	421	
10.45	10.5	1	1	1	4	48	20208	50	20212	0.00288	0.000593846	0	0.003	404.24	82.9405	2	421	
10.5	10.55	1	1	1	4	47	19576	50	19582	0.00282	0.000719694	0	0.003	391.64	103.815	2	421	
10.55	10.6	1	1	1	4	48	20208	50	20212	0.00288	0.000593846	0	0.003	404.24	82.9405	2	421	
10.6	10.65	1	1	1	4	47	19787	50	19793	0.00282	0.000719694	0	0.003	395.86	100.517	2	421	
10.65	10.7	1	1	1	4	48	20208	50	20212	0.00288	0.000593846	0	0.003	404.24	82.9405	2	421	
10.7	10.75	1	1	1	4	47	19787	50	19793	0.00282	0.000719694	0	0.003	395.86	100.517	2	421	
10.75	10.8	1	1	1	4	48	20208	50	20212	0.00288	0.000593846	0	0.003	404.24	82.9405	2	421	
10.8	10.85	1	1	1	4	47	19787	50	19793	0.00282	0.000719694	0	0.003	395.86	100.517	2	421	
10.85	10.9	1	1	1	4	48	20208	50	20212	0.00288	0.000593846	0	0.003	404.24	82.9405	2	421	
10.9	10.95	1	1	1	4	47	19787	50	19793	0.00282	0.000719694	0	0.003	395.86	100.517	2	421	
10.95	11	1	1	1	4	48	20208	50	20212	0.00288	0.000593846	0	0.003	404.24	82.9405	2	421	
11	11.05	1	1	1	4	47	19787	50	19793	0.00282	0.000719694	0	0.003	395.86	100.517	2	421	
11.05	11.1	1	1	1	4	48	20208	50	20212	0.00288	0.000593846	0	0.003	404.24	82.9405	2	421	
11.1	11.15	1	1	1	4	47	19787	50	19793	0.00282	0.000719694	0	0.003	395.86	100.517	2	421	
11.15	11.2	1	1	1	4	48	20208	50	20212	0.00288	0.000593846	0	0.003	404.24	82.9405	2	421	
11.2	11.25	1	1	1	4	47	19576	50	19582	0.00282	0.000719694	0	0.003	391.64	103.815	2	421	
11.25	11.3	1	1	1	4	48	20208	50	20212	0.00288	0.000593846	0	0.003	404.24	82.9405	2	421	
11.3	11.35	1	1	1	4	47	19787	50	19793	0.00282	0.000719694	0	0.003	395.86	100.517	2	421	
11.35	11.4	1	1	1	4	48	20208	50	20212	0.00288	0.000593846	0	0.003	404.24	82.9405	2	421	
11.4	11.45	1	1	1	4	47	19787	50	19793	0.00282	0.000719694	0	0.003	395.86	100.517	2	421	
11.45	11.5	1	1	1	4	48	19997	50	20001	0.00288	0.000593846	0	0.003	400.02	87.3224	2	421	
11.5	11.55	1	1	1	4	47	19787	50	19793	0.00282	0.000719694	0	0.003	395.86	100.517	2	421	
11.55	11.6	1	1	1	4	48	20208	50	20212	0.00288	0.000593846	0	0.003	404.24	82.9405	2	421	
11.6	11.65	1	1	1	4	47	19787	50	19793	0.00282	0.000719694	0	0.003	395.86	100.517	2	421	
11.65	11.7	1	1	1	4	48	20208	50	20212	0.00288	0.000593846	0	0.003	404.24	82.9405	2	421	
11.7	11.75	1	1	1	4	47	19576	50	19582	0.00282	0.000719694	0	0.003	391.64	103.815	2	421	
11.75	11.8	1	1	1	4	48	18640	50	18868	0.00288	0.000593846	0	0.003	377.36	91.0738	2	421	
11.8	11.85	1	1	1	4	47	14523	50	14529	0.00282	0.000719694	0	0.003	290.58	73.6487	2	309	
11.85	11.9	1	1	1	4	48	14831	50	14835	0.00288	0.000593846	0	0.003	296.7	60.7663	2	309	
11.9	11.95	1	1	1	4	47	14523	50	14529	0.00282	0.000719694	0	0.003	290.58	73.6487	2	309	
11.95	12	1	1	1	4	48	14677	50	14681	0.00288	0.000593846	0	0.003	293.62	63.9987	2	309	
12	12.05	1	1	1	4	47	14523	50	14529	0.00282	0.000719694	0	0.003	290.58	73.6487	2	309	
12.05	12.1	1	1	1	4	48	14832	50	14836	0.00288	0.000593846	0	0.003	296.72	60.7702	2	309	
12.1	12.15	1	1	1	4	47	14523	50	14529	0.00282	0.000719694	0	0.003	290.58	73.6487	2	309	
12.15	12.2	1	1	1	4	48	14832	50	14836	0.00288	0.000593846	0	0.003	296.72	60.7702	2	309	
12.2	12.25	1	1	1	4	47	14523	50	14529	0.00282	0.000719694	0	0.003	290.58	73.6487	2	309	
12.25	12.3	1	1	1	4	48	14830	50	14834	0.00288	0.000593846	0	0.003	296.68	60.7626	2	309	
12.3	12.35	1	1	1	4	47	14523	50	14529	0.00282	0.000719694	0	0.003	290.58	73.6487	2	309	
12.35	12.4	1	1	1	4	48	14832	50	14836	0.00288	0.000593846	0	0.003	296.72	60.7702	2	309	
12.4	12.45	1	1	1	4	47	14367	50	14528	0.00282	0.000719694	0	0.003	290.56	73.6437	2	309	
12.45	12.5	1	1	1	4	48	14832	50	14681	0.00288	0.000593846	0	0.003	293.62	63.9987	2	309	
12.5	12.55	1	1	1	4	47	14523	50	14529	0.00282	0.000719694	0	0.003	290.58	73.6487	2	309	
12.55	12.6	1	1	1	4	48	14832	50	14836	0.00288	0.000593846	0	0.003	296.72	60.7702	2	309	
12.6	12.65	1	1	1	4	47	14523	50	14529	0.00282	0.000719694	0	0.003	290.58	73.6487	2	309	
12.65	12.7	1	1	1	4	48	14677	50	14681	0.00288	0.000593846	0	0.003	293.62	63.9987	2	309	
12.7	12.75	1	1	1	4	47	14523	50	14529	0.00282	0.000719694	0	0.003	290.58	73.6487	2	309	
12.75	12.8	1	1	1	4	48	14832	50	14836	0.00288	0.000593846	0	0.003	296.72	60.7702	2	309	
12.8	12.85	1	1	1	4	47	14523	50	14529	0.00282	0.000719694	0	0.003	290.58	73.6487	2	309	
12.85	12.9	1	1	1	4	48	14832	50	14836	0.00288	0.000593846	0	0.003	296.72	60.7702	2	309	
12.9	12.95	1	1	1	4	47	14368	50	14374	0.00282	0.000719694	0	0.003	287.48	76.0795	2	309	
12.95	13	1	1	1	4	48	14832	50	14836	0.00288	0.000593846	0	0.003	296.72	60.7702	2	309	
13	13.05	1	1	1	4	47	14523	50	14529	0.00282	0.000719694	0	0.003	290.58	73.6487	2	309	
13.05	13.1	1	1	1	4	48	14832	50	14836	0.00288	0.000593846	0	0.003	296.72	60.7702	2	309	
13.1	13.15	1	1	1	4	47	14523	50	14529	0.00282	0.000719694	0	0.003	290.58	73.6487	2	309	
13.15	13.2	1	1	1	4	48	14677	50	14681	0.00288	0.000593846	0	0.003	293.62	63.9987	2	309	
13.2	13.25	1	1	1	4	47	14523	50	14836	0.00288	0.000593846	0	0.003	296.72	60.7702	2	309	
13.25	13.3	1	1	1	4	48	14832	50	14529	0.00282	0.000719694	0	0.003	290.58	73.6487	2	309	
13.3	13.35	1	1	1	4	48	14832	50	14836	0.00288	0.000593846	0	0.003	296.72	60.7702	2	309	
13.35	13.4	1	1	1	4	47	14523	50	14529	0.00282	0.000719694	0	0.003	290.58	73.6487	2	309	
13.4	13.45	1	1	1	4	48	14677	50	14681	0.00288	0.000593846	0	0.003	293.62	63.9987	2	309	
13.45	13.5	1	1	1	4	47	14523	50	14529	0.00282	0.000719694	0	0.003	290.58	73.6487	2	309	
13.5	13.55	1	1	1	4	48	14832	50	14836	0.00288	0.000593846	0	0.003	296.72	60.7702	2	309	
13.55	13.6	1	1	1	4	47	14523	50	14529	0.00282	0.000719694	0	0.003	290.58	73.6487	2	309	
13.6	13.65	1	1	1	4	48	14832	50	14836	0.00288	0.000593846	0	0.003	296.72	60.7702	2	309	
13.65	13.7	1	1	1	4	47	14368	50	14374	0.00282	0.000719694	0	0.003	287.48	76.0795	2	309	
13.7	13.75	1	1	1	4	48	14832	50	14836	0.00288	0.000593846	0	0.003	296.72	60.7702	2	309	
13.75	13.8	1	1	1	4	47	14523	50	14529	0.00282	0.000719694	0	0.003	290.58	73.6487	2	309	
13.8	13.85	1	1	1	4	48	14831	50	14835	0.00288	0.000593846	0	0.003	296.7	60.7663	2	309	
13.85	13.9	1	1	1	4	47	14368	50	14374	0.00282	0.000719694	0	0.003	287.48	76.0795	2	309	
13.9	13.95	1	1	1	4	48	14832	50	14836	0.00288	0.000593846	0	0.003	296.72	60.7702	2	309	
13.95	14	1	1	1	4	47	14523	50	14529	0.00282	0.000719694	0	0.003	290.58	73.6487	2	309	
14	14.05	1	1	1	4	48	14832	50	14836	0.00288	0.000593846	0	0.003	296.72	60.7702	2	309	
14.05	14.1	1	1	1	4	48	14832	50	14836	0.00288	0.000593846	0	0.003	296.72	60.7702	2	309	
14.1	14.15	1	1	1	4	47	14368	50	14374	0.00282	0.000719694	0	0.003	287.48	76.0795	2	309	
14.15	14.2	1	1	1	4	48	14832	50	14836	0.00288	0.000593846	0	0.003	296.72	60.7702	2	309	
14.2	14.25	1	1	1	4	47	14155	50	14345	0.00282	0.000719694	0	0.003	286.9	74.9496	2	309	
14.25	14.3	1	1	1	4	48	10416	50	10420	0.00288	0.000593846	0	0.003	208.4	42.559	2	217	
14.3	14.35	1	1	1	4	47	10199	50	10205	0.00282	0.000719694	0	0.003	204.1	51.5781	2	217	
14.35	14.4	1	1	1	4	48	10307	50	10311	0.00288	0.000593846	0	0.003	206.22	44.84	2	217	
14.4	14.45	1	1	1	4	47	10199	50	10205	0.00282	0.000719694	0	0.003	204.1	51.5781	2	217	
14.45	14.5	1	1	1	4	48	10416	50	10420	0.00288	0.000593846	0	0.003	208.4	42.559	2	217	
14.5	14.55	1	1	1	4	47	10199	50	10205	0.00282	0.000719694	0	0.003	204.1	51.5781	2	217	
14.55	14.6	1	1	1	4	48	10416	50	10420	0.00288	0.000593846	0	0.003	208.4	42.559	2	217	
14.6	14.65	1	1	1	4	47	10090	50	10096	0.00282	0.000719694	0	0.003	201.92	53.2966	2	217	
14.65	14.7	1	1	1	4	48	10416	50	10420	0.00288	0.000593846	0	0.003	208.4	42.559	2	217	
14.7	14.75	1	1	1	4	47	10199	50	10205	0.00282	0.000719694	0	0.003	204.1	51.5781	2	217	
14.75	14.8	1	1	1	4	48	10416	50	10420	0.00288	0.000593846	0	0.003	208.4	42.559	2	217	
14.8	14.85	1	1	1	4	47	10090	50	10205	0.00282	0.000719694	0	0.003	204.1	51.5781	2	217	
14.85	14.9	1	1	1	4	48	10414	50	10309	0.00288	0.000593846	0	0.003	206.18	44.8311	2	217	
14.9	14.95	1	1	1	4	47	10199	50	10205	0.00282	0.000719694	0	0.003	204.1	51.5781	2	217	
14.95	15	1	1	1	4	48	10416	50	10420	0.00288	0.000593846	0	0.003	208.4	42.559	2	217	
15	15.05	1	1	1	4	47	10199	50	10205	0.00282	0.000719694	0	0.003	204.1	51.5781	2	217	
15.05	15.1	1	1	1	4	48	10307	50	10311	0.00288	0.000593846	0	0.003	206.22	44.84	2	217	
15.1	15.15	1	1	1	4	47	10199	50	10205	0.00282	0.000719694	0	0.003	204.1	51.5781	2	217	
15.15	15.2	1	1	1	4	48	10416	50	10420	0.00288	0.000593846	0	0.003	208.4	42.559	2	217	
15.2	15.25	1	1	1	4	47	10199	50	10205	0.00282	0.000719694	0	0.003	204.1	51.5781	2	217	
15.25	15.3	1	1	1	4	48	10416	50	10420	0.00288	0.000593846	0	0.003	208.4	42.559	2	217	
15.3	15.35	1	1	1	4	47	10090	50	10096	0.00282	0.000719694	0	0.003	201.92	53.2966	2	217	
15.35	15.4	1	1	1	4	48	10416	50	10420	0.00288	0.000593846	0	0.003	208.4	42.559	2	217	
15.4	15.45	1	1	1	4	47	10199	50	10205	0.00282	0.000719694	0	0.003	204.1	51.5781	2	217	
15.45	15.5	1	1	1	4	48	10416	50	10420	0.00288	0.000593846	0	0.003	208.4	42.559	2	217	
15.5	15.55	1	1	1	4	47	10199	50	10205	0.00282	0.000719694	0	0.003	204.1	51.5781	2	217	
15.55	15.6	1	1	1	4	48	10307	50	10311	0.00288	0.000593846	0	0.003	206.22	44.84	2	217	
15.6	15.65	2	1	1	1	4	298	3	151	0.002	0.00173205	0	0.003	50.3333	42.9224	2	84	
15.6	15.65	2	1	1	4	55	11172	32	6078	0.0028125	0.000737804	0	0.003	189.938	61.313	2	217	
15.65	15.7	2	1	1	4	48	10416	50	10420	0.00288	0.000593846	0	0.003	208.4	42.559	2	217	
15.7	15.75	2	1	1	4	47	10090	50	10096	0.00282	0.000719694	0	0.003	201.92	53.2966	2	217	
15.75	15.8	2	1	1	4	48	10416	50	10420	0.00288	0.000593846	0	0.003	208.4	42.559	2	217	
15.8	15.85	2	1	1	4	47	11286	50	11108	0.00282	0.000719694	0	0.003	222.16	70.3241	2	309	
15.85	15.9	2	1	1	4	48	14832	50	14836	0.00288	0.000593846	0	0.003	296.72	60.7702	2	309	
15.9	15.95	2	1	1	4	47	14523	50	14529	0.00282	0.000719694	0	0.003	290.58	73.6487	2	309	
15.95	16	2	1	1	4	48	14830	50	14834	0.00288	0.000593846	0	0.003	296.68	60.7626	2	309	
16	16.05	2	1	1	4	47	14368	50	14374	0.00282	0.000719694	0	0.003	287.48	76.0795	2	309	
16.05	16.1	2	1	1	4	48	14832	50	14836	0.00288	0.000593846	0	0.003	296.72	60.7702	2	309	
16.1	16.15	2	1	1	4	47	14523	50	14529	0.00282	0.000719694	0	0.003	290.58	73.6487	2	309	
16.15	16.2	2	1	1	4	48	14832	50	14836	0.00288	0.000593846	0	0.003	296.72	60.7702	2	309	
16.2	16.25	2	1	1	4	47	14523	50	14529	0.00282	0.000719694	0	0.003	290.58	73.6487	2	309	
16.25	16.3	2	1	1	4	48	14677	50	14681	0.00288	0.000593846	0	0.003	293.62	63.9987	2	309	
16.3	16.35	2	1	1	4	47	14523	50	14529	0.00282	0.000719694	0	0.003	290.58	73.6487	2	309	
16.35	16.4	2	1	1	4	48	14832	50	14836	0.00288	0.000593846	0	0.003	296.72	60.7702	2	309	
16.4	16.45	2	1	1	4	47	14523	50	14529	0.00282	0.000719694	0	0.003	290.58	73.6487	2	309	
16.45	16.5	2	1	1	4	48	14832	50	14836	0.00288	0.000593846	0	0.003	296.72	60.7702	2	309	
16.5	16.55	2	1	1	4	47	14368	50	14374	0.00282	0.000719694	0	0.003	287.48	76.0795	2	309	
16.55	16.6	2	1	1	4	48	14832	50	14836	0.00288	0.000593846	0	0.003	296.72	60.7702	2	309	
16.6	16.65	2	1	1	4	47	14523	50	14529	0.00282	0.000719694	0	0.003	290.58	73.6487	2	309	
16.65	16.7	2	1	1	4	48	14832	50	14836	0.00288	0.000593846	0	0.003	296.72	60.7702	2	309	
16.7	16.75	2	1	1	4	47	14523	50	14529	0.00282	0.000719694	0	0.003	290.58	73.6487	2	309	
16.75	16.8	2	1	1	4	48	14677	50	14681	0.00288	0.000593846	0	0.003	293.62	63.9987	2	309	
16.8	16.85	2	1	1	4	47	14523	50	14529	0.00282	0.000719694	0	0.003	290.58	73.6487	2	309	
16.85	16.9	2	1	1	4	48	14832	50	14836	0.00288	0.000593846	0	0.003	296.72	60.7702	2	309	
16.9	16.95	2	1	1	4	47	14523	50	14529	0.00282	0.000719694	0	0.003	290.58	73.6487	2	309	
16.95	17	2	1	1	4	48	14832	50	14836	0.00288	0.000593846	0	0.003	296.72	60.7702	2	309	
17	17.05	2	1	1	4	47	14368	50	14374	0.00282	0.000719694	0	0.003	287.48	76.0795	2	309	
17.05	17.1	2	1	1	4	48	14832	50	14836	0.00288	0.000593846	0	0.003	296.72	60.7702	2	309	
17.1	17.15	2	1	1	4	47	14523	50	14529	0.00282	0.000719694	0	0.003	290.58	73.6487	2	309	
17.15	17.2	2	1	1	4	48	14832	50	14836	0.00288	0.000593846	0	0.003	296.72	60.7702	2	309	
17.2	17.25	2	1	1	4	48	14832	50	14836	0.00288	0.000593846	0	0.003	296.72	60.7702	2	309	
17.25	17.3	2	1	1	4	47	14523	50	14529	0.00282	0.000719694	0	0.003	290.58	73.6487	2	309	
17.3	17.35	2	1	1	4	48	14832	50	14836	0.00288	0.000593846	0	0.003	296.72	60.7702	2	309	
17.35	17.4	2	1	1	4	47	14523	50	14529	0.00282	0.000719694	0	0.003	290.58	73.6487	2	309	
17.4	17.45	2	1	1	4	48	14832	50	14836	0.00288	0.000593846	0	0.003	296.72	60.7702	2	309	
17.45	17.5	2	1	1	4	47	14368	50	14374	0.00282	0.000719694	0	0.003	287.48	76.0795	2	309	
17.5	17.55	2	1	1	4	48	14832	50	14836	0.00288	0.000593846	0	0.003	296.72	60.7702	2	309	
17.55	17.6	2	1	1	4	47	14523	50	14529	0.00282	0.000719694	0	0.003	290.58	73.6487	2	309	
17.6	17.65	2	1	1	4	48	14832	50	14836	0.00288	0.000593846	0	0.003	296.72	60.7702	2	309	
17.65	17.7	2	1	1	4	47	14523	50	14529	0.00282	0.000719694	0	0.003	290.58	73.6487	2	309	
17.7	17.75	2	1	1	4	48	14677	50	14681	0.00288	0.000593846	0	0.003	293.62	63.9987	2	309	
17.75	17.8	2	1	1	4	47	14523	50	14529	0.00282	0.000719694	0	0.003	290.58	73.6487	2	309	
17.8	17.85	2	1	1	4	48	14832	50	14836	0.00288	0.000593846	0	0.003	296.72	60.7702	2	309	
17.85	17.9	2	1	1	4	47	14523	50	14529	0.00282	0.000719694	0	0.003	290.58	73.6487	2	309	
17.9	17.95	2	1	1	4	48	14832	50	14836	0.00288	0.000593846	0	0.003	296.72	60.7702	2	309	
17.95	18	2	1	1	4	47	14368	50	14681	0.00288	0.000593846	0	0.003	293.62	63.9987	2	309	
18	18.05	2	1	1	4	48	14832	50	14529	0.00282	0.000719694	0	0.003	290.58	73.6487	2	309	
18.05	18.1	2	1	1	4	47	14523	50	14836	0.00288	0.000593846	0	0.003	296.72	60.7702	2	309	
18.1	18.15	2	1	1	4	48	14832	50	14529	0.00282	0.000719694	0	0.003	290.58	73.6487	2	309	
18.15	18.2	2	1	1	4	47	14522	50	14835	0.00288	0.000593846	0	0.003	296.7	60.7663	2	309	
18.2	18.25	2	1	1	4	48	14677	50	14374	0.00282	0.000719694	0	0.003	287.48	76.0795	2	309	
18.25	18.3	2	1	1	4	47	14523	50	14836	0.00288	0.000593846	0	0.003	296.72	60.7702	2	309	
18.3	18.35	2	1	1	4	48	14832	50	14529	0.00282	0.000719694	0	0.003	290.58	73.6487	2	309	
18.35	18.4	2	1	1	4	47	14523	50	14836	0.00288	0.000593846	0	0.003	296.72	60.7702	2	309	
18.4	18.45	2	1	1	4	48	14677	50	14529	0.00282	0.000719694	0	0.003	290.58	73.6487	2	309	
18.45	18.5	2	1	1	4	47	14523	50	14681	0.00288	0.000593846	0	0.003	293.62	63.9987	2	309	
18.5	18.55	2	1	1	4	48	14832	50	14529	0.00282	0.000719694	0	0.003	290.58	73.6487	2	309	
18.55	18.6	2	1	1	4	47	14635	50	14836	0.00288	0.000593846	0	0.003	296.72	60.7702	2	309	
18.6	18.65	2	1	1	4	48	20208	50	19793	0.00282	0.000719694	0	0.003	395.86	100.517	2	421	
18.65	18.7	2	1	1	4	47	19576	50	20001	0.00288	0.000593846	0	0.003	400.02	87.3224	2	421	
18.7	18.75	2	1	1	4	48	20208	50	19793	0.00282	0.000719694	0	0.003	395.86	100.517	2	421	
18.75	18.8	2	1	1	4	47	19787	50	20212	0.00288	0.000593846	0	0.003	404.24	82.9405	2	421	
18.8	18.85	2	1	1	4	48	20208	50	19793	0.00282	0.000719694	0	0.003	395.86	100.517	2	421	
18.85	18.9	2	1	1	4	47	19786	50	20211	0.00288	0.000593846	0	0.003	404.22	82.9365	2	421	
18.9	18.95	2	1	1	4	48	19997	50	19582	0.00282	0.000719694	0	0.003	391.64	103.815	2	421	
18.95	19	2	1	1	4	47	19787	50	20212	0.00288	0.000593846	0	0.003	404.24	82.9405	2	421	
19	19.05	2	1	1	4	48	20208	50	19793	0.00282	0.000719694	0	0.003	395.86	100.517	2	421	
19.05	19.1	2	1	1	4	47	19787	50	20212	0.00288	0.000593846	0	0.003	404.24	82.9405	2	421	
19.1	19.15	2	1	1	4	48	20208	50	19793	0.00282	0.000719694	0	0.003	395.86	100.517	2	421	
19.15	19.2	2	1	1	4	47	19576	50	20001	0.00288	0.000593846	0	0.003	400.02	87.3224	2	421	
19.2	19.25	2	1	1	4	48	20208	50	19793	0.00282	0.000719694	0	0.003	395.86	100.517	2	421	
19.25	19.3	2	1	1	4	47	19787	50	20212	0.00288	0.000593846	0	0.003	404.24	82.9405	2	421	
19.3	19.35	2	1	1	4	48	20208	50	19793	0.00282	0.000719694	0	0.003	395.86	100.517	2	421	
19.35	19.4	2	1	1	4	47	19787	50	20212	0.00288	0.000593846	0	0.003	404.24	82.9405	2	421	
19.4	19.45	2	1	1	4	48	19997	50	19582	0.00282	0.000719694	0	0.003	391.64	103.815	2	421	
19.45	19.5	2	1	1	4	47	19787	50	20212	0.00288	0.000593846	0	0.003	404.24	82.9405	2	421	
19.5	19.55	2	1	1	4	48	20208	50	19793	0.00282	0.000719694	0	0.003	395.86	100.517	2	421	
19.55	19.6	2	1	1	4	47	19787	50	20212	0.00288	0.000593846	0	0.003	404.24	82.9405	2	421	
19.6	19.65	2	1	1	4	48	19997	50	19582	0.00282	0.000719694	0	0.003	391.64	103.815	2	421	
19.65	19.7	2	1	1	4	47	19787	50	20212	0.00288	0.000593846	0	0.003	404.24	82.9405	2	421	
19.7	19.75	2	1	1	4	48	20208	50	19793	0.00282	0.000719694	0	0.003	395.86	100.517	2	421	
19.75	19.8	2	1	1	4	47	19787	50	20212	0.00288	0.000593846	0	0.003	404.24	82.9405	2	421	
19.8	19.85	2	1	1	4	48	20208	50	19793	0.00282	0.000719694	0	0.003	395.86	100.517	2	421	
19.85	19.9	2	1	1	4	47	19576	50	20001	0.00288	0.000593846	0	0.003	400.02	87.3224	2	421	
19.9	19.95	2	1	1	4	48	20208	50	19793	0.00282	0.000719694	0	0.003	395.86	100.517	2	421	
19.95	20	2	1	1	4	47	19787	50	20212	0.00288	0.000593846	0	0.003	404.24	82.9405	2	421	
20	20.05	2	1	1	4	48	20208	50	19793	0.00282	0.000719694	0	0.003	395.86	100.517	2	421	
20.05	20.1	2	1	1	4	47	19787	50	20212	0.00288	0.000593846	0	0.003	404.24	82.9405	2	421	
20.1	20.15	2	1	1	4	48	19997	50	19582	0.00282	0.000719694	0	0.003	391.64	103.815	2	421	
20.15	20.2	2	1	1	4	47	19787	50	20212	0.00288	0.000593846	0	0.003	404.24	82.9405	2	421	
20.2	20.25	2	1	1	4	48	20208	50	19793	0.00282	0.000719694	0	0.003	395.86	100.517	2	421	
20.25	20.3	2	1	1	4	47	19787	50	20212	0.00288	0.000593846	0	0.003	404.24	82.9405	2	421	
20.3	20.35	2	1	1	4	48	20208	50	19793	0.00282	0.000719694	0	0.003	395.86	100.517	2	421	
20.35	20.4	2	1	1	4	47	19576	50	20001	0.00288	0.000593846	0	0.003	400.02	87.3224	2	421	
20.4	20.45	2	1	1	4	48	20208	50	19793	0.00282	0.000719694	0	0.003	395.86	100.517	2	421	
20.45	20.5	2	1	1	4	47	19787	50	20212	0.00288	0.000593846	0	0.003	404.24	82.9405	2	421	
20.5	20.55	2	1	1	4	48	20208	50	19793	0.00282	0.000719694	0	0.003	395.86	100.517	2	421	
20.55	20.6	2	1	1	4	47	19787	50	20212	0.00288	0.000593846	0	0.003	404.24	82.9405	2	421	
20.6	20.65	2	1	1	4	48	19997	50	19582	0.00282	0.000719694	0	0.003	391.64	103.815	2	421	
20.65	20.7	2	1	1	4	47	19787	50	20212	0.00288	0.000593846	0	0.003	404.24	82.9405	2	421	
20.7	20.75	2	1	1	4	48	20208	50	19793	0.00282	0.000719694	0	0.003	395.86	100.517	2	421	
20.75	20.8	2	1	1	4	47	19787	50	20212	0.00288	0.000593846	0	0.003	404.24	82.9405	2	421	
20.8	20.85	2	1	1	4	48	19997	50	19793	0.00282	0.000719694	0	0.003	395.86	100.517	2	421	
20.85	20.9	2	1	1	4	47	19787	50	20001	0.00288	0.000593846	0	0.003	400.02	87.3224	2	421	
20.9	20.95	2	1	1	4	48	20208	50	19793	0.00282	0.000719694	0	0.003	395.86	100.517	2	421	
20.95	21	2	1	1	4	47	19787	50	20212	0.00288	0.000593846	0	0.003	404.24	82.9405	2	421	
21	21.05	2	1	1	4	48	20208	50	19793	0.00282	0.000719694	0	0.003	395.86	100.517	2	421	
21.05	21.1	2	1	1	4	47	19576	50	20001	0.00288	0.000593846	0	0.003	400.02	87.3224	2	421	
21.1	21.15	2	1	1	4	48	20208	50	19793	0.00282	0.000719694	0	0.003	395.86	100.517	2	421	
21.15	21.2	2	1	1	4	47	19787	50	20212	0.00288	0.000593846	0	0.003	404.24	82.9405	2	421	
21.2	21.25	2	1	1	4	48	20208	50	19793	0.00282	0.000719694	0	0.003	395.86	100.517	2	421	
21.25	21.3	2	1	1	4	47	19787	50	20212	0.00288	0.000593846	0	0.003	404.24	82.9405	2	421	
21.3	21.35	2	1	1	4	48	19997	50	19582	0.00282	0.000719694	0	0.003	391.64	103.815	2	421	
21.35	21.4	2	1	1	4	47	19787	50	20212	0.00288	0.000593846	0	0.003	404.24	82.9405	2	421	
21.4	21.45	2	1	1	4	48	20208	50	19793	0.00282	0.000719694	0	0.003	395.86	100.517	2	421	
21.45	21.5	2	1	1	4	47	19787	50	20212	0.00288	0.000593846	0	0.003	404.24	82.9405	2	421	
21.5	21.55	2	1	1	4	48	20208	50	19793	0.00282	0.000719694	0	0.003	395.86	100.517	2	421	
21.55	21.6	2	1	1	4	47	19576	50	20001	0.00288	0.000593846	0	0.003	400.02	87.3224	2	421	
21.6	21.65	2	1	1	4	48	20208	50	19793	0.00282	0.000719694	0	0.003	395.86	100.517	2	421	
21.65	21.7	2	1	1	4	47	19787	50	20212	0.00288	0.000593846	0	0.003	404.24	82.9405	2	421	
21.7	21.75	2	1	1	4	48	20208	50	19793	0.00282	0.000719694	0	0.003	395.86	100.517	2	421	
21.75	21.8	2	1	1	4	47	19787	50	20212	0.00288	0.000593846	0	0.003	404.24	82.9405	2	421	
21.8	21.85	2	1	1	4	48	19997	50	19582	0.00282	0.000719694	0	0.003	391.64	103.815	2	421	
21.85	21.9	2	1	1	4	47	19787	50	20212	0.00288	0.000593846	0	0.003	404.24	82.9405	2	421	
21.9	21.95	2	1	1	4	48	20208	50	19793	0.00282	0.000719694	0	0.003	395.86	100.517	2	421	
21.95	22	2	1	1	4	47	19787	50	20212	0.00288	0.000593846	0	0.003	404.24	82.9405	2	421	
22	22.05	2	1	1	4	48	20208	50	19793	0.00282	0.000719694	0	0.003	395.86	100.517	2	421	
22.05	22.1	2	1	1	4	47	19576	50	20001	0.00288	0.000593846	0	0.003	400.02	87.3224	2	421	
22.1	22.15	2	1	1	4	48	20208	50	19793	0.00282	0.000719694	0	0.003	395.86	100.517	2	421	
22.15	22.2	2	1	1	4	47	19787	50	20212	0.00288	0.000593846	0	0.003	404.24	82.9405	2	421	
22.2	22.25	2	1	1	4	48	20208	50	19793	0.00282	0.000719694	0	0.003	395.86	100.517	2	421	
22.25	22.3	2	1	1	4	47	19576	50	20001	0.00288	0.000593846	0	0.003	400.02	87.3224	2	421	
22.3	22.35	2	1	1	4	48	20304	50	19793	0.00282	0.000719694	0	0.003	395.86	100.517	2	421	
22.35	22.4	2	1	1	4	47	22041	50	22514	0.00288	0.000593846	0	0.003	450.28	92.4342	2	469	
22.4	22.45	2	1	1	4	48	22512	50	22049	0.00282	0.000719694	0	0.003	440.98	112.032	2	469	
22.45	22.5	2	1	1	4	47	22043	50	22516	0.00288	0.000593846	0	0.003	450.32	92.442	2	469	
22.5	22.55	2	1	1	4	48	22277	50	21814	0.00282	0.000719694	0	0.003	436.28	115.702	2	469	
22.55	22.6	2	1	1	4	47	22043	50	22516	0.00288	0.000593846	0	0.003	450.32	92.442	2	469	
22.6	22.65	2	1	1	4	48	22512	50	22049	0.00282	0.000719694	0	0.003	440.98	112.032	2	469	
22.65	22.7	2	1	1	4	47	22043	50	22516	0.00288	0.000593846	0	0.003	450.32	92.442	2	469	
22.7	22.75	2	1	1	4	48	22512	50	22049	0.00282	0.000719694	0	0.003	440.98	112.032	2	469	
22.75	22.8	2	1	1	4	47	21808	50	22281	0.00288	0.000593846	0	0.003	445.62	97.3183	2	469	
22.8	22.85	2	1	1	4	48	22512	50	22049	0.00282	0.000719694	0	0.003	440.98	112.032	2	469	
22.85	22.9	2	1	1	4	47	22041	50	22514	0.00288	0.000593846	0	0.003	450.28	92.4342	2	469	
22.9	22.95	2	1	1	4	48	22512	50	22049	0.00282	0.000719694	0	0.003	440.98	112.032	2	469	
22.95	23	2	1	1	4	47	22043	50	22516	0.00288	0.000593846	0	0.003	450.32	92.442	2	469	
23	23.05	2	1	1	4	48	22277	50	21814	0.00282	0.000719694	0	0.003	436.28	115.702	2	469	
23.05	23.1	2	1	1	4	47	22043	50	22516	0.00288	0.000593846	0	0.003	450.32	92.442	2	469	
23.1	23.15	2	1	1	4	48	22512	50	22049	0.00282	0.000719694	0	0.003	440.98	112.032	2	469	
23.15	23.2	2	1	1	4	47	22043	50	22516	0.00288	0.000593846	0	0.003	450.32	92.442	2	469	
23.2	23.25	2	1	1	4	48	22277	50	22049	0.00282	0.000719694	0	0.003	440.98	112.032	2	469	
23.25	23.3	2	1	1	4	47	22043	50	22281	0.00288	0.000593846	0	0.003	445.62	97.3183	2	469	
23.3	23.35	2	1	1	4	48	22510	50	22047	0.00282	0.000719694	0	0.003	440.94	112.022	2	469	
23.35	23.4	2	1	1	4	47	22043	50	22516	0.00288	0.000593846	0	0.003	450.32	92.442	2	469	
23.4	23.45	2	1	1	4	48	22512	50	22049	0.00282	0.000719694	0	0.003	440.98	112.032	2	469	
23.45	23.5	2	1	1	4	47	21808	50	22281	0.00288	0.000593846	0	0.003	445.62	97.3183	2	469	
23.5	23.55	2	1	1	4	48	22512	50	22049	0.00282	0.000719694	0	0.003	440.98	112.032	2	469	
23.55	23.6	2	1	1	4	47	22043	50	22516	0.00288	0.000593846	0	0.003	450.32	92.442	2	469	
23.6	23.65	2	1	1	4	48	22512	50	22049	0.00282	0.000719694	0	0.003	440.98	112.032	2	469	
23.65	23.7	2	1	1	4	47	22043	50	22516	0.00288	0.000593846	0	0.003	450.32	92.442	2	469	
23.7	23.75	2	1	1	4	48	22277	50	21814	0.00282	0.000719694	0	0.003	436.28	115.702	2	469	
23.75	23.8	2	1	1	4	47	22043	50	22516	0.00288	0.000593846	0	0.003	450.32	92.442	2	469	
23.8	23.85	2	1	1	4	48	22510	50	22047	0.00282	0.000719694	0	0.003	440.94	112.022	2	469	
23.85	23.9	2	1	1	4	47	22043	50	22516	0.00288	0.000593846	0	0.003	450.32	92.442	2	469	
23.9	23.95	2	1	1	4	48	22512	50	22049	0.00282	0.000719694	0	0.003	440.98	112.032	2	469	
23.95	24	2	1	1	4	47	21808	50	22281	0.00288	0.000593846	0	0.003	445.62	97.3183	2	469	
24	24.05	2	1	1	4	48	22512	50	22049	0.00282	0.000719694	0	0.003	440.98	112.032	2	469	
24.05	24.1	2	1	1	4	47	22043	50	22516	0.00288	0.000593846	0	0.003	450.32	92.442	2	469	
24.1	24.15	2	1	1	4	48	22512	50	22049	0.00282	0.000719694	0	0.003	440.98	112.032	2	469	
24.15	24.2	2	1	1	4	47	22043	50	22516	0.00288	0.000593846	0	0.003	450.32	92.442	2	469	
24.2	24.25	2	1	1	4	48	22277	50	21814	0.00282	0.000719694	0	0.003	436.28	115.702	2	469	
24.25	24.3	2	1	1	4	47	22043	50	22516	0.00288	0.000593846	0	0.003	450.32	92.442	2	469	
24.3	24.35	2	1	1	4	48	22510	50	22047	0.00282	0.000719694	0	0.003	440.94	112.022	2	469	
24.35	24.4	2	1	1	4	47	22043	50	22516	0.00288	0.000593846	0	0.003	450.32	92.442	2	469	
24.4	24.45	2	1	1	4	48	22512	50	22049	0.00282	0.000719694	0	0.003	440.98	112.032	2	469	
24.45	24.5	2	1	1	4	47	21808	50	22281	0.00288	0.000593846	0	0.003	445.62	97.3183	2	469	
24.5	24.55	2	1	1	4	48	22512	50	22049	0.00282	0.000719694	0	0.003	440.98	112.032	2	469	
24.55	24.6	2	1	1	4	47	22043	50	22516	0.00288	0.000593846	0	0.003	450.32	92.442	2	469	
24.6	24.65	2	1	1	4	48	22512	50	22049	0.00282	0.000719694	0	0.003	440.98	112.032	2	469	
24.65	24.7	2	1	1	4	47	21808	50	22281	0.00288	0.000593846	0	0.003	445.62	97.3183	2	469	
24.7	24.75	2	1	1	4	48	22512	50	22049	0.00282	0.000719694	0	0.003	440.98	112.032	2	469	
24.75	24.8	2	1	1	4	47	22043	50	22516	0.00288	0.000593846	0	0.003	450.32	92.442	2	469	
24.8	24.85	2	1	1	4	48	22510	50	22047	0.00282	0.000719694	0	0.003	440.94	112.022	2	469	
24.85	24.9	2	1	1	4	47	22043	50	22516	0.00288	0.000593846	0	0.003	450.32	92.442	2	469	
24.9	24.95	2	1	1	4	48	22277	50	21814	0.00282	0.000719694	0	0.003	436.28	115.702	2	469	
24.95	25	2	1	1	4	47	22043	50	22516	0.00288	0.000593846	0	0.003	450.32	92.442	2	469	
25	25.05	2	1	1	4	48	22512	50	22049	0.00282	0.000719694	0	0.003	440.98	112.032	2	469	
25.05	25.1	2	1	1	4	47	22043	50	22516	0.00288	0.000593846	0	0.003	450.32	92.442	2	469	
25.1	25.15	2	1	1	4	48	22512	50	22049	0.00282	0.000719694	0	0.003	440.98	112.032	2	469	
25.15	25.2	2	1	1	4	47	21808	50	22281	0.00288	0.000593846	0	0.003	445.62	97.3183	2	469	
25.2	25.25	2	1	1	4	48	22512	50	22049	0.00282	0.000719694	0	0.003	440.98	112.032	2	469	
25.25	25.3	2	1	1	4	47	22043	50	22516	0.00288	0.000593846	0	0.003	450.32	92.442	2	469	
25.3	25.35	2	1	1	4	48	22510	50	22047	0.00282	0.000719694	0	0.003	440.94	112.022	2	469	
25.35	25.4	2	1	1	4	47	22043	50	22516	0.00288	0.000593846	0	0.003	450.32	92.442	2	469	
25.4	25.45	2	1	1	4	48	22277	50	21814	0.00282	0.000719694	0	0.003	436.28	115.702	2	469	
25.45	25.5	2	1	1	4	47	22043	50	22516	0.00288	0.000593846	0	0.003	450.32	92.442	2	469	
25.5	25.55	2	1	1	4	48	22512	50	22049	0.00282	0.000719694	0	0.003	440.98	112.032	2	469	
25.55	25.6	2	1	1	4	47	22043	50	22516	0.00288	0.000593846	0	0.003	450.32	92.442	2	469	
25.6	25.65	2	1	1	4	48	22277	50	21814	0.00282	0.000719694	0	0.003	436.28	115.702	2	469	
25.65	25.7	2	1	1	4	47	22043	50	22516	0.00288	0.000593846	0	0.003	450.32	92.442	2	469	
25.7	25.75	2	1	1	4	48	22512	50	22049	0.00282	0.000719694	0	0.003	440.98	112.032	2	469	
25.75	25.8	2	1	1	4	47	22043	50	22516	0.00288	0.000593846	0	0.003	450.32	92.442	2	469	
25.8	25.85	2	1	1	4	48	22510	50	22047	0.00282	0.000719694	0	0.003	440.94	112.022	2	469	
25.85	25.9	2	1	1	4	47	21808	50	22281	0.00288	0.000593846	0	0.003	445.62	97.3183	2	469	
25.9	25.95	2	1	1	4	48	22512	50	22049	0.00282	0.000719694	0	0.003	440.98	112.032	2	469	
25.95	26	2	1	1	4	47	22043	50	22516	0.00288	0.000593846	0	0.003	450.32	92.442	2	469	
26	26.05	2	1	1	4	48	22512	50	22049	0.00282	0.000719694	0	0.003	440.98	112.032	2	469	
26.05	26.1	2	1	1	4	47	23963	50	24308	0.00288	0.000593846	0	0.003	486.16	115.249	2	597	
26.1	26.15	2	1	1	4	48	28357	50	27766	0.00282	0.000719694	0	0.003	555.32	147.4	2	597	
26.15	26.2	2	1	1	4	47	28059	50	28660	0.00288	0.000593846	0	0.003	573.2	117.779	2	597	
26.2	26.25	2	1	1	4	48	28656	50	28065	0.00282	0.000719694	0	0.003	561.3	142.739	2	597	
26.25	26.3	2	1	1	4	47	28059	50	28660	0.00288	0.000593846	0	0.003	573.2	117.779	2	597	
26.3	26.35	2	1	1	4	48	28656	50	28065	0.00282	0.000719694	0	0.003	561.3	142.739	2	597	
26.35	26.4	2	1	1	4	47	27760	50	28361	0.00288	0.000593846	0	0.003	567.22	123.974	2	597	
26.4	26.45	2	1	1	4	48	28656	50	28065	0.00282	0.000719694	0	0.003	561.3	142.739	2	597	
26.45	26.5	2	1	1	4	47	28059	50	28660	0.00288	0.000593846	0	0.003	573.2	117.779	2	597	
26.5	26.55	2	1	1	4	48	28656	50	28065	0.00282	0.000719694	0	0.003	561.3	142.739	2	597	
26.55	26.6	2	1	1	4	47	28059	50	28660	0.00288	0.000593846	0	0.003	573.2	117.779	2	597	
26.6	26.65	2	1	1	4	48	28357	50	27766	0.00282	0.000719694	0	0.003	555.32	147.4	2	597	
26.65	26.7	2	1	1	4	47	28059	50	28660	0.00288	0.000593846	0	0.003	573.2	117.779	2	597	
26.7	26.75	2	1	1	4	48	28656	50	28065	0.00282	0.000719694	0	0.003	561.3	142.739	2	597	
26.75	26.8	2	1	1	4	47	28059	50	28660	0.00288	0.000593846	0	0.003	573.2	117.779	2	597	
26.8	26.85	2	1	1	4	48	28357	50	27766	0.00282	0.000719694	0	0.003	555.32	147.4	2	597	
26.85	26.9	2	1	1	4	47	28059	50	28660	0.00288	0.000593846	0	0.003	573.2	117.779	2	597	
26.9	26.95	2	1	1	4	48	28656	50	28065	0.00282	0.000719694	0	0.003	561.3	142.739	2	597	
26.95	27	2	1	1	4	47	28059	50	28660	0.00288	0.000593846	0	0.003	573.2	117.779	2	597	
27	27.05	2	1	1	4	48	28656	50	28065	0.00282	0.000719694	0	0.003	561.3	142.739	2	597	
27.05	27.1	2	1	1	4	47	27760	50	28361	0.00288	0.000593846	0	0.003	567.22	123.974	2	597	
27.1	27.15	2	1	1	4	48	28656	50	28065	0.00282	0.000719694	0	0.003	561.3	142.739	2	597	
27.15	27.2	2	1	1	4	47	28059	50	28660	0.00288	0.000593846	0	0.003	573.2	117.779	2	597	
27.2	27.25	2	1	1	4	48	28656	50	28065	0.00282	0.000719694	0	0.003	561.3	142.739	2	597	
27.25	27.3	2	1	1	4	47	28059	50	28660	0.00288	0.000593846	0	0.003	573.2	117.779	2	597	
27.3	27.35	2	1	1	4	48	28357	50	27766	0.00282	0.000719694	0	0.003	555.32	147.4	2	597	
27.35	27.4	2	1	1	4	47	28059	50	28660	0.00288	0.000593846	0	0.003	573.2	117.779	2	597	
27.4	27.45	2	1	1	4	48	28656	50	28065	0.00282	0.000719694	0	0.003	561.3	142.739	2	597	
27.45	27.5	2	1	1	4	47	28059	50	28660	0.00288	0.000593846	0	0.003	573.2	117.779	2	597	
27.5	27.55	2	1	1	4	48	28656	50	28065	0.00282	0.000719694	0	0.003	561.3	142.739	2	597	
27.55	27.6	2	1	1	4	47	27760	50	28361	0.00288	0.000593846	0	0.003	567.22	123.974	2	597	
27.6	27.65	2	1	1	4	48	28656	50	28065	0.00282	0.000719694	0	0.003	561.3	142.739	2	597	
27.65	27.7	2	1	1	4	47	28059	50	28660	0.00288	0.000593846	0	0.003	573.2	117.779	2	597	
27.7	27.75	2	1	1	4	48	28656	50	28065	0.00282	0.000719694	0	0.003	561.3	142.739	2	597	
27.75	27.8	2	1	1	4	47	28059	50	28660	0.00288	0.000593846	0	0.003	573.2	117.779	2	597	
27.8	27.85	2	1	1	4	48	28357	50	27766	0.00282	0.000719694	0	0.003	555.32	147.4	2	597	
27.85	27.9	2	1	1	4	47	28059	50	28660	0.00288	0.000593846	0	0.003	573.2	117.779	2	597	
27.9	27.95	2	1	1	4	48	28656	50	28065	0.00282	0.000719694	0	0.003	561.3	142.739	2	597	
27.95	28	2	1	1	4	47	28059	50	28660	0.00288	0.000593846	0	0.003	573.2	117.779	2	597	
28	28.05	2	1	1	4	48	28357	50	27766	0.00282	0.000719694	0	0.003	555.32	147.4	2	597	
28.05	28.1	2	1	1	4	47	28059	50	28660	0.00288	0.000593846	0	0.003	573.2	117.779	2	597	
28.1	28.15	2	1	1	4	48	28656	50	28065	0.00282	0.000719694	0	0.003	561.3	142.739	2	597	
28.15	28.2	2	1	1	4	47	28059	50	28660	0.00288	0.000593846	0	0.003	573.2	117.779	2	597	
28.2	28.25	2	1	1	4	48	28656	50	28065	0.00282	0.000719694	0	0.003	561.3	142.739	2	597	
28.25	28.3	2	1	1	4	47	27760	50	28361	0.00288	0.000593846	0	0.003	567.22	123.974	2	597	
28.3	28.35	2	1	1	4	48	28656	50	28065	0.00282	0.000719694	0	0.003	561.3	142.739	2	597	
28.35	28.4	2	1	1	4	47	28059	50	28660	0.00288	0.000593846	0	0.003	573.2	117.779	2	597	
28.4	28.45	2	1	1	4	48	28656	50	28065	0.00282	0.000719694	0	0.003	561.3	142.739	2	597	
28.45	28.5	2	1	1	4	47	28059	50	28660	0.00288	0.000593846	0	0.003	573.2	117.779	2	597	
28.5	28.55	2	1	1	4	48	28357	50	27766	0.00282	0.000719694	0	0.003	555.32	147.4	2	597	
28.55	28.6	2	1	1	4	47	28059	50	28660	0.00288	0.000593846	0	0.003	573.2	117.779	2	597	
28.6	28.65	2	1	1	4	48	28656	50	28065	0.00282	0.000719694	0	0.003	561.3	142.739	2	597	
28.65	28.7	2	1	1	4	47	28059	50	28660	0.00288	0.000593846	0	0.003	573.2	117.779	2	597	
28.7	28.75	2	1	1	4	48	28656	50	28065	0.00282	0.000719694	0	0.003	561.3	142.739	2	597	
28.75	28.8	2	1	1	4	47	27760	50	28361	0.00288	0.000593846	0	0.003	567.22	123.974	2	597	
28.8	28.85	2	1	1	4	48	28656	50	28065	0.00282	0.000719694	0	0.003	561.3	142.739	2	597	
28.85	28.9	2	1	1	4	47	28059	50	28660	0.00288	0.000593846	0	0.003	573.2	117.779	2	597	
28.9	28.95	2	1	1	4	48	28656	50	28065	0.00282	0.000719694	0	0.003	561.3	142.739	2	597	
28.95	29	2	1	1	4	47	28059	50	28660	0.00288	0.000593846	0	0.003	573.2	117.779	2	597	
29	29.05	2	1	1	4	48	28356	50	27765	0.00282	0.000719694	0	0.003	555.3	147.395	2	597	
29.05	29.1	2	1	1	4	47	28059	50	28660	0.00288	0.000593846	0	0.003	573.2	117.779	2	597	
29.1	29.15	2	1	1	4	48	28656	50	28065	0.00282	0.000719694	0	0.003	561.3	142.739	2	597	
29.15	29.2	2	1	1	4	47	28059	50	28660	0.00288	0.000593846	0	0.003	573.2	117.779	2	597	
29.2	29.25	2	1	1	4	48	28357	50	27766	0.00282	0.000719694	0	0.003	555.32	147.4	2	597	
29.25	29.3	2	1	1	4	47	28059	50	28660	0.00288	0.000593846	0	0.003	573.2	117.779	2	597	
29.3	29.35	2	1	1	4	48	28656	50	28065	0.00282	0.000719694	0	0.003	561.3	142.739	2	597	
29.35	29.4	2	1	1	4	47	28059	50	28660	0.00288	0.000593846	0	0.003	573.2	117.779	2	597	
29.4	29.45	2	1	1	4	48	28656	50	28065	0.00282	0.000719694	0	0.003	561.3	142.739	2	597	
29.45	29.5	2	1	1	4	47	27760	50	28361	0.00288	0.000593846	0	0.003	567.22	123.974	2	597	
29.5	29.55	2	1	1	4	48	28656	50	28065	0.00282	0.000719694	0	0.003	561.3	142.739	2	597	
29.55	29.6	2	1	1	4	47	28059	50	28660	0.00288	0.000593846	0	0.003	573.2	117.779	2	597	
29.6	29.65	2	1	1	4	48	28656	50	28065	0.00282	0.000719694	0	0.003	561.3	142.739	2	597	
29.65	29.7	2	1	1	4	47	28059	50	28660	0.00288	0.000593846	0	0.003	573.2	117.779	2	597	
29.7	29.75	2	1	1	4	48	28357	50	27766	0.00282	0.000719694	0	0.003	555.32	147.4	2	597	
29.75	29.8	2	1	1	4	47	28059	50	28660	0.00288	0.000593846	0	0.003	573.2	117.779	2	597	
29.8	29.85	2	1	1	4	48	28656	50	28065	0.00282	0.000719694	0	0.003	561.3	142.739	2	597	
29.85	29.9	2	1	1	4	47	28059	50	28660	0.00288	0.000593846	0	0.003	573.2	117.779	2	597	
29.9	29.95	2	1	1	4	48	28656	50	28065	0.00282	0.000719694	0	0.003	561.3	142.739	2	597	
29.95	30	2	1	1	4	47	27760	50	28361	0.00288	0.000593846	0	0.003	567.22	123.974	2	597	
30	30.05	2	1	1	4	48	28656	50	28065	0.00282	0.000719694	0	0.003	561.3	142.739	2	597	
30.05	30.1	2	1	1	4	47	28059	50	28660	0.00288	0.000593846	0	0.003	573.2	117.779	2	597	
30.1	30.15	2	1	1	4	48	28656	50	28065	0.00282	0.000719694	0	0.003	561.3	142.739	2	597	
30.15	30.2	2	1	1	4	47	28059	50	28660	0.00288	0.000593846	0	0.003	573.2	117.779	2	597	
30.2	30.25	2	1	1	4	48	28357	50	27766	0.00282	0.000719694	0	0.003	555.32	147.4	2	597	
30.25	30.3	2	1	1	4	47	28059	50	28660	0.00288	0.000593846	0	0.003	573.2	117.779	2	597	
30.3	30.35	2	1	1	4	48	28656	50	28065	0.00282	0.000719694	0	0.003	561.3	142.739	2	597	
30.35	30.4	2	1	1	4	47	28059	50	28660	0.00288	0.000593846	0	0.003	573.2	117.779	2	597	
30.4	30.45	2	1	1	4	48	28357	50	27766	0.00282	0.000719694	0	0.003	555.32	147.4	2	597	
30.45	30.5	2	1	1	4	47	28059	50	28660	0.00288	0.000593846	0	0.003	573.2	117.779	2	597	
30.5	30.55	2	1	1	4	48	28656	50	28065	0.00282	0.000719694	0	0.003	561.3	142.739	2	597	
30.55	30.6	2	1	1	4	47	28059	50	28660	0.00288	0.000593846	0	0.003	573.2	117.779	2	597	
30.6	30.65	2	1	1	4	48	28656	50	28065	0.00282	0.000719694	0	0.003	561.3	142.739	2	597	
30.65	30.7	2	1	1	4	47	27760	50	28361	0.00288	0.000593846	0	0.003	567.22	123.974	2	597	
30.7	30.75	2	1	1	4	48	28656	50	28065	0.00282	0.000719694	0	0.003	561.3	142.739	2	597	
30.75	30.8	2	1	1	4	47	28059	50	28660	0.00288	0.000593846	0	0.003	573.2	117.779	2	597	
30.8	30.85	2	1	1	4	48	28656	50	28065	0.00282	0.000719694	0	0.003	561.3	142.739	2	597	
30.85	30.9	2	1	1	4	47	28059	50	28660	0.00288	0.000593846	0	0.003	573.2	117.779	2	597	
30.9	30.95	2	1	1	4	48	28357	50	27766	0.00282	0.000719694	0	0.003	555.32	147.4	2	597	
30.95	31	2	1	1	4	47	28059	50	28660	0.00288	0.000593846	0	0.003	573.2	117.779	2	597	
31	31.05	2	1	1	4	48	28656	50	28065	0.00282	0.000719694	0	0.003	561.3	142.739	2	597	
31.05	31.1	2	1	1	4	47	28059	50	28660	0.00288	0.000593846	0	0.003	573.2	117.779	2	597	
31.1	31.15	2	1	1	4	48	28656	50	28065	0.00282	0.000719694	0	0.003	561.3	142.739	2	597	
31.15	31.2	2	1	1	4	47	27760	50	28361	0.00288	0.000593846	0	0.003	567.22	123.974	2	597	
31.2	31.25	2	1	1	4	48	28656	50	28065	0.00282	0.000719694	0	0.003	561.3	142.739	2	597	
31.25	31.3	2	1	1	4	47	28059	50	28660	0.00288	0.000593846	0	0.003	573.2	117.779	2	597	
31.3	31.35	2	1	1	4	48	28656	50	28065	0.00282	0.000719694	0	0.003	561.3	142.739	2	597	
31.35	31.4	2	1	1	4	47	28059	50	28660	0.00288	0.000593846	0	0.003	573.2	117.779	2	597	
31.4	31.45	2	1	1	4	48	28357	50	27766	0.00282	0.000719694	0	0.003	555.32	147.4	2	597	
31.45	31.5	2	1	1	4	47	28059	50	28660	0.00288	0.000593846	0	0.003	573.2	117.779	2	597	
31.5	31.55	2	1	1	4	48	28656	50	28065	0.00282	0.000719694	0	0.003	561.3	142.739	2	597	
31.55	31.6	2	1	1	4	47	28059	50	28660	0.00288	0.000593846	0	0.003	573.2	117.779	2	597	
31.6	31.65	2	1	1	4	48	28356	50	27765	0.00282	0.000719694	0	0.003	555.3	147.395	2	597	
31.65	31.7	2	1	1	4	47	28059	50	28660	0.00288	0.000593846	0	0.003	573.2	117.779	2	597	
31.7	31.75	2	1	1	4	48	28656	50	28065	0.00282	0.000719694	0	0.003	561.3	142.739	2	597	
31.75	31.8	2	1	1	4	47	28059	50	28660	0.00288	0.000593846	0	0.003	573.2	117.779	2	597	
31.8	31.85	2	1	1	4	48	28656	50	28065	0.00282	0.000719694	0	0.003	561.3	142.739	2	597	
31.85	31.9	2	1	1	4	47	27760	50	28361	0.00288	0.000593846	0	0.003	567.22	123.974	2	597	
31.9	31.95	2	1	1	4	48	28656	50	28065	0.00282	0.000719694	0	0.003	561.3	142.739	2	597	
31.95	32	2	1	1	4	47	28059	50	28660	0.00288	0.000593846	0	0.003	573.2	117.779	2	597	
32	32.05	2	1	1	4	48	28656	50	28065	0.00282	0.000719694	0	0.003	561.3	142.739	2	597	
32.05	32.1	2	1	1	4	47	28059	50	28660	0.00288	0.000593846	0	0.003	573.2	117.779	2	597	
32.1	32.15	2	1	1	4	48	28357	50	27766	0.00282	0.000719694	0	0.003	555.32	147.4	2	597	
32.15	32.2	2	1	1	4	47	28059	50	28660	0.00288	0.000593846	0	0.003	573.2	117.779	2	597	
32.2	32.25	2	1	1	4	48	28656	50	28065	0.00282	0.000719694	0	0.003	561.3	142.739	2	597	
32.25	32.3	2	1	1	4	47	28059	50	28660	0.00288	0.000593846	0	0.003	573.2	117.779	2	597	
32.3	32.35	2	1	1	4	48	28656	50	28065	0.00282	0.000719694	0	0.003	561.3	142.739	2	597	
32.35	32.4	2	1	1	4	47	27760	50	28361	0.00288	0.000593846	0	0.003	567.22	123.974	2	597	
32.4	32.45	2	1	1	4	48	28656	50	28065	0.00282	0.000719694	0	0.003	561.3	142.739	2	597	
32.45	32.5	2	1	1	4	47	28059	50	28660	0.00288	0.000593846	0	0.003	573.2	117.779	2	597	
32.5	32.55	2	1	1	4	48	28656	50	28065	0.00282	0.000719694	0	0.003	561.3	142.739	2	597	
32.55	32.6	2	1	1	4	47	28059	50	28660	0.00288	0.000593846	0	0.003	573.2	117.779	2	597	
32.6	32.65	2	1	1	4	48	28357	50	27766	0.00282	0.000719694	0	0.003	555.32	147.4	2	597	
32.65	32.7	2	1	1	4	47	28059	50	28660	0.00288	0.000593846	0	0.003	573.2	117.779	2	597	
32.7	32.75	2	1	1	4	48	28656	50	28065	0.00282	0.000719694	0	0.003	561.3	142.739	2	597	
32.75	32.8	2	1	1	4	47	28059	50	28660	0.00288	0.000593846	0	0.003	573.2	117.779	2	597	
32.8	32.85	2	1	1	4	48	28357	50	27766	0.00282	0.000719694	0	0.003	555.32	147.4	2	597	
32.85	32.9	2	1	1	4	47	28059	50	28660	0.00288	0.000593846	0	0.003	573.2	117.779	2	597	
32.9	32.95	2	1	1	4	48	28656	50	28065	0.00282	0.000719694	0	0.003	561.3	142.739	2	597	
32.95	33	2	1	1	4	47	28059	50	28660	0.00288	0.000593846	0	0.003	573.2	117.779	2	597	
33	33.05	2	1	1	4	48	28656	50	28065	0.00282	0.000719694	0	0.003	561.3	142.739	2	597	
33.05	33.1	2	1	1	4	47	27760	50	28361	0.00288	0.000593846	0	0.003	567.22	123.974	2	597	
33.1	33.15	2	1	1	4	48	28656	50	28065	0.00282	0.000719694	0	0.003	561.3	142.739	2	597	
33.15	33.2	2	1	1	4	47	28059	50	28660	0.00288	0.000593846	0	0.003	573.2	117.779	2	597	
33.2	33.25	2	1	1	4	48	28656	50	28065	0.00282	0.000719694	0	0.003	561.3	142.739	2	597	
33.25	33.3	2	1	1	4	47	28059	50	28660	0.00288	0.000593846	0	0.003	573.2	117.779	2	597	
33.3	33.35	2	1	1	4	48	28357	50	27766	0.00282	0.000719694	0	0.003	555.32	147.4	2	597	
33.35	33.4	2	1	1	4	47	28059	50	28660	0.00288	0.000593846	0	0.003	573.2	117.779	2	597	
33.4	33.45	2	1	1	4	48	28656	50	28065	0.00282	0.000719694	0	0.003	561.3	142.739	2	597	
33.45	33.5	2	1	1	4	47	28059	50	28660	0.00288	0.000593846	0	0.003	573.2	117.779	2	597	
33.5	33.55	2	1	1	4	48	23280	50	22945	0.00282	0.000719694	0	0.003	458.9	124.855	2	597	
33.55	33.6	2	1	1	4	47	21808	50	22281	0.00288	0.000593846	0	0.003	445.62	97.3183	2	469	
33.6	33.65	2	1	1	4	48	22512	50	22049	0.00282	0.000719694	0	0.003	440.98	112.032	2	469	
33.65	33.7	2	1	1	4	47	22043	50	22516	0.00288	0.000593846	0	0.003	450.32	92.442	2	469	
33.7	33.75	2	1	1	4	48	22512	50	22049	0.00282	0.000719694	0	0.003	440.98	112.032	2	469	
33.75	33.8	2	1	1	4	47	22041	50	22514	0.00288	0.000593846	0	0.003	450.28	92.4342	2	469	
33.8	33.85	2	1	1	4	48	22277	50	21814	0.00282	0.000719694	0	0.003	436.28	115.702	2	469	
33.85	33.9	2	1	1	4	47	22043	50	22516	0.00288	0.000593846	0	0.003	450.32	92.442	2	469	
33.9	33.95	2	1	1	4	48	22512	50	22049	0.00282	0.000719694	0	0.003	440.98	112.032	2	469	
33.95	34	2	1	1	4	47	22043	50	22516	0.00288	0.000593846	0	0.003	450.32	92.442	2	469	
34	34.05	2	1	1	4	48	22277	50	21814	0.00282	0.000719694	0	0.003	436.28	115.702	2	469	
34.05	34.1	2	1	1	4	47	22043	50	22516	0.00288	0.000593846	0	0.003	450.32	92.442	2	469	
34.1	34.15	2	1	1	4	48	22512	50	22049	0.00282	0.000719694	0	0.003	440.98	112.032	2	469	
34.15	34.2	2	1	1	4	47	22043	50	22516	0.00288	0.000593846	0	0.003	450.32	92.442	2	469	
34.2	34.25	2	1	1	4	48	22512	50	22049	0.00282	0.000719694	0	0.003	440.98	112.032	2	469	
34.25	34.3	2	1	1	4	47	21808	50	22281	0.00288	0.000593846	0	0.003	445.62	97.3183	2	469	
34.3	34.35	2	1	1	4	48	22512	50	22049	0.00282	0.000719694	0	0.003	440.98	112.032	2	469	
34.35	34.4	2	1	1	4	47	22043	50	22516	0.00288	0.000593846	0	0.003	450.32	92.442	2	469	
34.4	34.45	2	1	1	4	48	22512	50	22049	0.00282	0.000719694	0	0.003	440.98	112.032	2	469	
34.45	34.5	2	1	1	4	47	22043	50	22516	0.00288	0.000593846	0	0.003	450.32	92.442	2	469	
34.5	34.55	2	1	1	4	48	22277	50	21814	0.00282	0.000719694	0	0.003	436.28	115.702	2	469	
34.55	34.6	2	1	1	4	47	22043	50	22516	0.00288	0.000593846	0	0.003	450.32	92.442	2	469	
34.6	34.65	2	1	1	4	48	22512	50	22049	0.00282	0.000719694	0	0.003	440.98	112.032	2	469	
34.65	34.7	2	1	1	4	47	22043	50	22516	0.00288	0.000593846	0	0.003	450.32	92.442	2	469	
34.7	34.75	2	1	1	4	48	22512	50	22049	0.00282	0.000719694	0	0.003	440.98	112.032	2	469	
34.75	34.8	2	1	1	4	47	21808	50	22281	0.00288	0.000593846	0	0.003	445.62	97.3183	2	469	
34.8	34.85	2	1	1	4	48	22512	50	22049	0.00282	0.000719694	0	0.003	440.98	112.032	2	469	
34.85	34.9	2	1	1	4	47	22043	50	22516	0.00288	0.000593846	0	0.003	450.32	92.442	2	469	
34.9	34.95	2	1	1	4	48	22512	50	22049	0.00282	0.000719694	0	0.003	440.98	112.032	2	469	
34.95	35	2	1	1	4	47	22043	50	22516	0.00288	0.000593846	0	0.003	450.32	92.442	2	469	
35	35.05	2	1	1	4	48	22277	50	21814	0.00282	0.000719694	0	0.003	436.28	115.702	2	469	
35.05	35.1	2	1	1	4	47	22043	50	22516	0.00288	0.000593846	0	0.003	450.32	92.442	2	469	
35.1	35.15	2	1	1	4	48	22512	50	22049	0.00282	0.000719694	0	0.003	440.98	112.032	2	469	
35.15	35.2	2	1	1	4	47	22043	50	22516	0.00288	0.000593846	0	0.003	450.32	92.442	2	469	
35.2	35.25	2	1	1	4	48	22277	50	21814	0.00282	0.000719694	0	0.003	436.28	115.702	2	469	
35.25	35.3	2	1	1	4	47	22043	50	22516	0.00288	0.000593846	0	0.003	450.32	92.442	2	469	
35.3	35.35	2	1	1	4	48	22512	50	22049	0.00282	0.000719694	0	0.003	440.98	112.032	2	469	
35.35	35.4	2	1	1	4	47	22043	50	22516	0.00288	0.000593846	0	0.003	450.32	92.442	2	469	
35.4	35.45	2	1	1	4	48	22512	50	22049	0.00282	0.000719694	0	0.003	440.98	112.032	2	469	
35.45	35.5	2	1	1	4	47	21808	50	22281	0.00288	0.000593846	0	0.003	445.62	97.3183	2	469	
35.5	35.55	2	1	1	4	48	22512	50	22049	0.00282	0.000719694	0	0.003	440.98	112.032	2	469	
35.55	35.6	2	1	1	4	47	22043	50	22516	0.00288	0.000593846	0	0.003	450.32	92.442	2	469	
35.6	35.65	2	1	1	4	48	22512	50	22049	0.00282	0.000719694	0	0.003	440.98	112.032	2	469	
35.65	35.7	2	1	1	4	47	22043	50	22516	0.00288	0.000593846	0	0.003	450.32	92.442	2	469	
35.7	35.75	2	1	1	4	48	22277	50	21814	0.00282	0.000719694	0	0.003	436.28	115.702	2	469	
35.75	35.8	2	1	1	4	47	22043	50	22516	0.00288	0.000593846	0	0.003	450.32	92.442	2	469	
35.8	35.85	2	1	1	4	48	22512	50	22049	0.00282	0.000719694	0	0.003	440.98	112.032	2	469	
35.85	35.9	2	1	1	4	47	22043	50	22516	0.00288	0.000593846	0	0.003	450.32	92.442	2	469	
35.9	35.95	2	1	1	4	48	22512	50	22049	0.00282	0.000719694	0	0.003	440.98	112.032	2	469	
35.95	36	2	1	1	4	47	21808	50	22281	0.00288	0.000593846	0	0.003	445.62	97.3183	2	469	
36	36.05	2	1	1	4	48	22512	50	22049	0.00282	0.000719694	0	0.003	440.98	112.032	2	469	
36.05	36.1	2	1	1	4	47	22043	50	22516	0.00288	0.000593846	0	0.003	450.32	92.442	2	469	
36.1	36.15	2	1	1	4	48	22512	50	22049	0.00282	0.000719694	0	0.003	440.98	112.032	2	469	
36.15	36.2	2	1	1	4	47	22043	50	22516	0.00288	0.000593846	0	0.003	450.32	92.442	2	469	
36.2	36.25	2	1	1	4	48	22277	50	21814	0.00282	0.000719694	0	0.003	436.28	115.702	2	469	
36.25	36.3	2	1	1	4	47	22043	50	22516	0.00288	0.000593846	0	0.003	450.32	92.442	2	469	
36.3	36.35	2	1	1	4	48	22512	50	22049	0.00282	0.000719694	0	0.003	440.98	112.032	2	469	
36.35	36.4	2	1	1	4	47	22043	50	22516	0.00288	0.000593846	0	0.003	450.32	92.442	2	469	
36.4	36.45	2	1	1	4	48	22277	50	22049	0.00282	0.000719694	0	0.003	440.98	112.032	2	469	
36.45	36.5	2	1	1	4	47	22043	50	22281	0.00288	0.000593846	0	0.003	445.62	97.3183	2	469	
36.5	36.55	2	1	1	4	48	22512	50	22049	0.00282	0.000719694	0	0.003	440.98	112.032	2	469	
36.55	36.6	2	1	1	4	47	22043	50	22516	0.00288	0.000593846	0	0.003	450.32	92.442	2	469	
36.6	36.65	2	1	1	4	48	22512	50	22049	0.00282	0.000719694	0	0.003	440.98	112.032	2	469	
36.65	36.7	2	1	1	4	47	21808	50	22281	0.00288	0.000593846	0	0.003	445.62	97.3183	2	469	
36.7	36.75	2	1	1	4	48	22512	50	22049	0.00282	0.000719694	0	0.003	440.98	112.032	2	469	
36.75	36.8	2	1	1	4	47	22043	50	22516	0.00288	0.000593846	0	0.003	450.32	92.442	2	469	
36.8	36.85	2	1	1	4	48	22512	50	22049	0.00282	0.000719694	0	0.003	440.98	112.032	2	469	
36.85	36.9	2	1	1	4	47	22043	50	22516	0.00288	0.000593846	0	0.003	450.32	92.442	2	469	
36.9	36.95	2	1	1	4	48	22277	50	21814	0.00282	0.000719694	0	0.003	436.28	115.702	2	469	
36.95	37	2	1	1	4	47	22043	50	22516	0.00288	0.000593846	0	0.003	450.32	92.442	2	469	
37	37.05	2	1	1	4	48	22512	50	22049	0.00282	0.000719694	0	0.003	440.98	112.032	2	469	
37.05	37.1	2	1	1	4	47	22043	50	22516	0.00288	0.000593846	0	0.003	450.32	92.442	2	469	
37.1	37.15	2	1	1	4	48	22512	50	22049	0.00282	0.000719694	0	0.003	440.98	112.032	2	469	
37.15	37.2	2	1	1	4	47	20368	50	20889	0.00288	0.000593846	0	0.003	417.78	93.3552	2	469	
37.2	37.25	2	1	1	4	48	20208	50	19793	0.00282	0.000719694	0	0.003	395.86	100.517	2	421	
37.25	37.3	2	1	1	4	47	19787	50	20212	0.00288	0.000593846	0	0.003	404.24	82.9405	2	421	
37.3	37.35	2	1	1	4	48	20208	50	19793	0.00282	0.000719694	0	0.003	395.86	100.517	2	421	
37.35	37.4	2	1	1	4	47	19787	50	20212	0.00288	0.000593846	0	0.003	404.24	82.9405	2	421	
37.4	37.45	2	1	1	4	48	19997	50	19582	0.00282	0.000719694	0	0.003	391.64	103.815	2	421	
37.45	37.5	2	1	1	4	47	19787	50	20212	0.00288	0.000593846	0	0.003	404.24	82.9405	2	421	
37.5	37.55	2	1	1	4	48	20208	50	19793	0.00282	0.000719694	0	0.003	395.86	100.517	2	421	
37.55	37.6	2	1	1	4	47	19787	50	20212	0.00288	0.000593846	0	0.003	404.24	82.9405	2	421	
37.6	37.65	2	1	1	4	48	19997	50	19793	0.00282	0.000719694	0	0.003	395.86	100.517	2	421	
