% time	cellId	IMSI	frame	sframe	RNTI	mcs	size
0.033	1	1	4	4	1	0	85
0.049	1	1	5	10	1	20	1239
0.206	1	1	21	7	1	20	1239
0.542	1	1	55	3	1	20	1239
0.62	1	1	63	1	1	20	1239
0.625	1	1	63	6	1	20	1239
0.686	1	1	69	7	1	20	1239
0.699	1	1	70	10	1	20	1239
0.705	1	1	71	6	1	20	1239
0.71	1	1	72	1	1	20	1239
0.715	1	1	72	6	1	20	1239
0.778	1	1	78	9	1	20	1239
0.783	1	1	79	4	1	20	1239
0.788	1	1	79	9	1	20	1239
0.793	1	1	80	4	1	20	1239
0.798	1	1	80	9	1	20	1239
0.803	1	1	81	4	1	20	1239
0.808	1	1	81	9	1	20	1239
0.813	1	1	82	4	1	20	1239
0.857	1	1	86	8	1	20	1239
0.862	1	1	87	3	1	20	1239
0.867	1	1	87	8	1	20	1239
0.872	1	1	88	3	1	20	1239
0.877	1	1	88	8	1	20	1239
0.882	1	1	89	3	1	20	1239
0.887	1	1	89	8	1	20	1239
0.892	1	1	90	3	1	20	1239
0.897	1	1	90	8	1	20	1239
0.901	1	1	91	2	1	20	1239
0.906	1	1	91	7	1	20	1239
0.911	1	1	92	2	1	20	1239
0.916	1	1	92	7	1	20	1239
0.921	1	1	93	2	1	20	1239
0.926	1	1	93	7	1	20	1239
0.931	1	1	94	2	1	20	1239
0.936	1	1	94	7	1	20	1239
0.941	1	1	95	2	1	20	1239
0.946	1	1	95	7	1	20	1239
0.951	1	1	96	2	1	20	1239
0.956	1	1	96	7	1	20	1239
0.961	1	1	97	2	1	20	1239
0.966	1	1	97	7	1	20	1239
0.971	1	1	98	2	1	20	1239
0.976	1	1	98	7	1	20	1239
0.98	1	1	99	1	1	20	1239
0.985	1	1	99	6	1	20	1239
0.99	1	1	100	1	1	20	1239
0.995	1	1	100	6	1	20	1239
1	1	1	101	1	1	20	1239
1.005	1	1	101	6	1	20	1239
1.01	1	1	102	1	1	20	1239
1.015	1	1	102	6	1	20	1239
1.02	1	1	103	1	1	20	1239
1.025	1	1	103	6	1	20	1239
1.029	1	1	103	10	1	20	1239
1.034	1	1	104	5	1	20	1239
1.039	1	1	104	10	1	20	1239
1.051	2	1	106	2	1	0	85
1.067	2	1	107	8	1	20	1239
1.071	2	1	108	2	1	20	1239
1.076	2	1	108	7	1	20	1239
1.081	2	1	109	2	1	20	1239
1.087	2	1	109	8	1	20	1239
1.092	2	1	110	3	1	20	1239
1.096	2	1	110	7	1	20	1239
1.101	2	1	111	2	1	20	1239
1.106	2	1	111	7	1	20	1239
1.111	2	1	112	2	1	20	1239
1.116	2	1	112	7	1	20	1239
1.121	2	1	113	2	1	20	1239
1.126	2	1	113	7	1	20	1239
1.131	2	1	114	2	1	20	1239
1.136	2	1	114	7	1	20	1239
1.14	2	1	115	1	1	20	1239
1.145	2	1	115	6	1	20	1239
1.15	2	1	116	1	1	20	1239
1.155	2	1	116	6	1	20	1239
1.16	2	1	117	1	1	20	1239
1.165	2	1	117	6	1	20	1239
1.17	2	1	118	1	1	20	1239
1.175	2	1	118	6	1	20	1239
1.18	2	1	119	1	1	20	1239
1.185	2	1	119	6	1	20	1239
1.189	2	1	119	10	1	20	1239
1.194	2	1	120	5	1	20	1239
1.199	2	1	120	10	1	20	1239
1.204	2	1	121	5	1	20	1239
1.206	2	1	121	7	1	20	1239
1.209	2	1	121	10	1	20	1239
1.214	2	1	122	5	1	20	1239
1.219	2	1	122	10	1	20	1239
1.224	2	1	123	5	1	20	1239
1.229	2	1	123	10	1	20	1239
1.234	2	1	124	5	1	20	1239
1.239	2	1	124	10	1	20	1239
1.244	2	1	125	5	1	20	1239
1.249	2	1	125	10	1	20	1239
1.254	2	1	126	5	1	20	1239
1.259	2	1	126	10	1	20	1239
1.264	2	1	127	5	1	20	1239
1.269	2	1	127	10	1	20	1239
1.274	2	1	128	5	1	20	1239
1.279	2	1	128	10	1	20	1239
1.284	2	1	129	5	1	20	1239
1.289	2	1	129	10	1	20	1239
1.294	2	1	130	5	1	20	1239
1.299	2	1	130	10	1	20	1239
1.304	2	1	131	5	1	20	1239
1.308	2	1	131	9	1	20	1239
1.313	2	1	132	4	1	20	1239
1.318	2	1	132	9	1	20	1239
1.323	2	1	133	4	1	20	1239
1.328	2	1	133	9	1	20	1239
1.333	2	1	134	4	1	20	1239
1.338	2	1	134	9	1	20	1239
1.343	2	1	135	4	1	20	1239
1.348	2	1	135	9	1	20	1239
1.353	2	1	136	4	1	20	1239
1.357	2	1	136	8	1	20	1239
1.362	2	1	137	3	1	20	1239
1.367	2	1	137	8	1	20	1239
1.372	2	1	138	3	1	20	1239
1.377	2	1	138	8	1	20	1239
1.382	2	1	139	3	1	20	1239
1.387	2	1	139	8	1	20	1239
1.392	2	1	140	3	1	20	1239
1.397	2	1	140	8	1	20	1239
1.402	2	1	141	3	1	20	1239
1.406	2	1	141	7	1	20	1239
1.411	2	1	142	2	1	20	1239
1.416	2	1	142	7	1	20	1239
1.421	2	1	143	2	1	20	1239
1.426	2	1	143	7	1	20	1239
1.431	2	1	144	2	1	20	1239
1.436	2	1	144	7	1	20	1239
1.441	2	1	145	2	1	20	1239
1.446	2	1	145	7	1	20	1239
1.451	2	1	146	2	1	20	1239
1.455	2	1	146	6	1	20	1239
1.46	2	1	147	1	1	20	1239
1.465	2	1	147	6	1	20	1239
1.47	2	1	148	1	1	20	1239
1.475	2	1	148	6	1	20	1239
1.48	2	1	149	1	1	20	1239
1.485	2	1	149	6	1	20	1239
1.49	2	1	150	1	1	20	1239
1.495	2	1	150	6	1	20	1239
1.5	2	1	151	1	1	20	1239
1.504	2	1	151	5	1	20	1239
1.509	2	1	151	10	1	20	1239
1.514	2	1	152	5	1	20	1239
1.519	2	1	152	10	1	20	1239
1.524	2	1	153	5	1	20	1239
1.529	2	1	153	10	1	20	1239
1.534	2	1	154	5	1	20	1239
1.539	2	1	154	10	1	20	1239
1.544	2	1	155	5	1	20	1239
1.549	2	1	155	10	1	20	1239
1.553	2	1	156	4	1	20	1239
1.558	2	1	156	9	1	20	1239
1.563	2	1	157	4	1	20	1239
1.568	2	1	157	9	1	20	1239
1.573	2	1	158	4	1	20	1239
1.578	2	1	158	9	1	20	1239
1.583	2	1	159	4	1	20	1239
1.588	2	1	159	9	1	20	1239
1.593	2	1	160	4	1	20	1239
1.598	2	1	160	9	1	20	1239
1.602	2	1	161	3	1	20	1239
1.607	2	1	161	8	1	20	1239
1.612	2	1	162	3	1	20	1239
1.617	2	1	162	8	1	20	1239
1.622	2	1	163	3	1	20	1239
1.627	2	1	163	8	1	20	1239
1.632	2	1	164	3	1	20	1239
1.637	2	1	164	8	1	20	1239
1.642	2	1	165	3	1	20	1239
1.647	2	1	165	8	1	20	1239
1.651	2	1	166	2	1	20	1239
1.656	2	1	166	7	1	20	1239
1.661	2	1	167	2	1	20	1239
1.671	2	1	168	2	1	20	1239
1.681	2	1	169	2	1	20	1239
1.686	2	1	169	7	1	20	1239
1.691	2	1	170	2	1	20	1239
1.701	2	1	171	2	1	20	1239
1.711	2	1	172	2	1	20	1239
1.721	2	1	173	2	1	20	1239
1.73	2	1	174	1	1	20	1239
1.74	2	1	175	1	1	20	1239
1.75	2	1	176	1	1	20	1239
1.76	2	1	177	1	1	20	1239
1.769	2	1	177	10	1	20	1239
1.779	2	1	178	10	1	20	1239
1.789	2	1	179	10	1	20	1239
1.799	2	1	180	10	1	20	1239
1.809	2	1	181	10	1	20	1239
1.818	2	1	182	9	1	20	1239
1.828	2	1	183	9	1	20	1239
1.838	2	1	184	9	1	20	1239
1.848	2	1	185	9	1	20	1239
1.858	2	1	186	9	1	20	1239
1.867	2	1	187	8	1	20	1239
1.877	2	1	188	8	1	20	1239
1.887	2	1	189	8	1	20	1239
1.897	2	1	190	8	1	20	1239
1.907	2	1	191	8	1	20	1239
1.916	2	1	192	7	1	20	1239
1.926	2	1	193	7	1	20	1239
1.936	2	1	194	7	1	20	1239
1.946	2	1	195	7	1	20	1239
1.956	2	1	196	7	1	20	1239
1.965	2	1	197	6	1	20	1239
1.975	2	1	198	6	1	20	1239
1.985	2	1	199	6	1	20	1239
1.995	2	1	200	6	1	20	1239
2.005	2	1	201	6	1	20	1239
2.014	2	1	202	5	1	20	1239
2.024	2	1	203	5	1	20	1239
2.034	2	1	204	5	1	20	1239
2.044	2	1	205	5	1	20	1239
2.054	2	1	206	5	1	20	1239
2.063	2	1	207	4	1	20	1239
2.073	2	1	208	4	1	20	1239
2.083	2	1	209	4	1	20	1239
2.093	2	1	210	4	1	20	1239
2.103	2	1	211	4	1	20	1239
2.112	2	1	212	3	1	20	1239
2.122	2	1	213	3	1	20	1239
2.132	2	1	214	3	1	20	1239
2.142	2	1	215	3	1	20	1239
2.152	2	1	216	3	1	20	1239
2.161	2	1	217	2	1	20	1239
2.166	2	1	217	7	1	20	1239
2.171	2	1	218	2	1	20	1239
2.182	2	1	219	3	1	20	1239
2.191	2	1	220	2	1	20	1239
2.201	2	1	221	2	1	20	1239
2.211	2	1	222	2	1	20	1239
2.221	2	1	223	2	1	20	1239
2.231	2	1	224	2	1	20	1239
2.24	2	1	225	1	1	20	1239
2.25	2	1	226	1	1	20	1239
2.26	2	1	227	1	1	20	1239
2.27	2	1	228	1	1	20	1239
2.279	2	1	228	10	1	20	1239
2.289	2	1	229	10	1	20	1239
2.299	2	1	230	10	1	20	1239
2.309	2	1	231	10	1	20	1239
2.319	2	1	232	10	1	20	1239
2.328	2	1	233	9	1	20	1239
2.338	2	1	234	9	1	20	1239
2.348	2	1	235	9	1	20	1239
2.358	2	1	236	9	1	20	1239
2.368	2	1	237	9	1	20	1239
2.377	2	1	238	8	1	20	1239
2.387	2	1	239	8	1	20	1239
2.397	2	1	240	8	1	20	1239
2.407	2	1	241	8	1	20	1239
2.417	2	1	242	8	1	20	1239
2.426	2	1	243	7	1	20	1239
2.436	2	1	244	7	1	20	1239
2.446	2	1	245	7	1	20	1239
2.456	2	1	246	7	1	20	1239
2.466	2	1	247	7	1	20	1239
2.475	2	1	248	6	1	20	1239
2.485	2	1	249	6	1	20	1239
2.495	2	1	250	6	1	20	1239
2.505	2	1	251	6	1	20	1239
2.515	2	1	252	6	1	20	1239
2.524	2	1	253	5	1	20	1239
2.534	2	1	254	5	1	20	1239
2.544	2	1	255	5	1	20	1239
2.554	2	1	256	5	1	20	1239
2.564	2	1	257	5	1	20	1239
2.573	2	1	258	4	1	20	1239
2.583	2	1	259	4	1	20	1239
2.593	2	1	260	4	1	20	1239
2.603	2	1	261	4	1	20	1239
2.613	2	1	262	4	1	20	1239
2.622	2	1	263	3	1	20	1239
2.632	2	1	264	3	1	20	1239
2.642	2	1	265	3	1	20	1239
2.646	2	1	265	7	1	20	1239
2.652	2	1	266	3	1	20	1239
2.662	2	1	267	3	1	20	1239
2.672	2	1	268	3	1	20	1239
2.682	2	1	269	3	1	20	1239
2.692	2	1	270	3	1	20	1239
2.701	2	1	271	2	1	20	1239
2.711	2	1	272	2	1	20	1239
2.721	2	1	273	2	1	20	1239
2.731	2	1	274	2	1	20	1239
2.741	2	1	275	2	1	20	1239
2.75	2	1	276	1	1	20	1239
2.76	2	1	277	1	1	20	1239
2.77	2	1	278	1	1	20	1239
2.78	2	1	279	1	1	20	1239
2.789	2	1	279	10	1	20	1239
2.799	2	1	280	10	1	20	1239
2.809	2	1	281	10	1	20	1239
2.819	2	1	282	10	1	20	1239
2.829	2	1	283	10	1	20	1239
2.838	2	1	284	9	1	20	1239
2.848	2	1	285	9	1	20	1239
2.858	2	1	286	9	1	20	1239
2.868	2	1	287	9	1	20	1239
2.878	2	1	288	9	1	20	1239
2.887	2	1	289	8	1	20	1239
2.897	2	1	290	8	1	20	1239
2.907	2	1	291	8	1	20	1239
2.917	2	1	292	8	1	20	1239
2.927	2	1	293	8	1	20	1239
2.936	2	1	294	7	1	20	1239
2.946	2	1	295	7	1	20	1239
2.956	2	1	296	7	1	20	1239
2.966	2	1	297	7	1	20	1239
2.976	2	1	298	7	1	20	1239
2.985	2	1	299	6	1	20	1239
2.995	2	1	300	6	1	20	1239
3.005	2	1	301	6	1	20	1239
3.015	2	1	302	6	1	20	1239
3.025	2	1	303	6	1	20	1239
3.034	2	1	304	5	1	20	1239
3.044	2	1	305	5	1	20	1239
3.054	2	1	306	5	1	20	1239
3.064	2	1	307	5	1	20	1239
3.074	2	1	308	5	1	20	1239
3.083	2	1	309	4	1	20	1239
3.093	2	1	310	4	1	20	1239
3.103	2	1	311	4	1	20	1239
3.113	2	1	312	4	1	20	1239
3.123	2	1	313	4	1	20	1239
3.126	2	1	313	7	1	20	1239
3.132	2	1	314	3	1	20	1239
3.143	2	1	315	4	1	20	1239
3.153	2	1	316	4	1	20	1239
3.162	2	1	317	3	1	20	1239
3.172	2	1	318	3	1	20	1239
3.182	2	1	319	3	1	20	1239
3.192	2	1	320	3	1	20	1239
3.202	2	1	321	3	1	20	1239
3.211	2	1	322	2	1	20	1239
3.221	2	1	323	2	1	20	1239
3.231	2	1	324	2	1	20	1239
3.241	2	1	325	2	1	20	1239
3.251	2	1	326	2	1	20	1239
3.26	2	1	327	1	1	20	1239
3.27	2	1	328	1	1	20	1239
3.28	2	1	329	1	1	20	1239
3.29	2	1	330	1	1	20	1239
3.299	2	1	330	10	1	20	1239
3.309	2	1	331	10	1	20	1239
3.319	2	1	332	10	1	20	1239
3.329	2	1	333	10	1	20	1239
3.339	2	1	334	10	1	20	1239
3.348	2	1	335	9	1	20	1239
3.358	2	1	336	9	1	20	1239
3.368	2	1	337	9	1	20	1239
3.378	2	1	338	9	1	20	1239
3.388	2	1	339	9	1	20	1239
3.397	2	1	340	8	1	20	1239
3.407	2	1	341	8	1	20	1239
3.417	2	1	342	8	1	20	1239
3.427	2	1	343	8	1	20	1239
3.437	2	1	344	8	1	20	1239
3.446	2	1	345	7	1	20	1239
3.456	2	1	346	7	1	20	1239
3.466	2	1	347	7	1	20	1239
3.476	2	1	348	7	1	20	1239
3.486	2	1	349	7	1	20	1239
3.495	2	1	350	6	1	20	1239
3.505	2	1	351	6	1	20	1239
3.515	2	1	352	6	1	20	1239
3.525	2	1	353	6	1	20	1239
3.535	2	1	354	6	1	20	1239
3.544	2	1	355	5	1	20	1239
3.554	2	1	356	5	1	20	1239
3.564	2	1	357	5	1	20	1239
3.574	2	1	358	5	1	20	1239
3.584	2	1	359	5	1	20	1239
3.593	2	1	360	4	1	20	1239
3.603	2	1	361	4	1	20	1239
3.606	2	1	361	7	1	20	1239
3.613	2	1	362	4	1	20	1239
3.623	2	1	363	4	1	20	1239
3.633	2	1	364	4	1	20	1239
3.643	2	1	365	4	1	20	1239
3.653	2	1	366	4	1	20	1239
3.663	2	1	367	4	1	20	1239
3.672	2	1	368	3	1	20	1239
3.682	2	1	369	3	1	20	1239
3.692	2	1	370	3	1	20	1239
3.702	2	1	371	3	1	20	1239
3.712	2	1	372	3	1	20	1239
3.721	2	1	373	2	1	20	1239
3.731	2	1	374	2	1	20	1239
3.741	2	1	375	2	1	20	1239
3.751	2	1	376	2	1	20	1239
3.761	2	1	377	2	1	20	1239
3.77	2	1	378	1	1	20	1239
3.78	2	1	379	1	1	20	1239
3.79	2	1	380	1	1	20	1239
3.8	2	1	381	1	1	20	1239
3.809	2	1	381	10	1	20	1239
3.819	2	1	382	10	1	20	1239
3.829	2	1	383	10	1	20	1239
3.839	2	1	384	10	1	20	1239
3.849	2	1	385	10	1	20	1239
3.858	2	1	386	9	1	20	1239
3.868	2	1	387	9	1	20	1239
3.878	2	1	388	9	1	20	1239
3.888	2	1	389	9	1	20	1239
3.898	2	1	390	9	1	20	1239
3.907	2	1	391	8	1	20	1239
3.917	2	1	392	8	1	20	1239
3.927	2	1	393	8	1	20	1239
3.937	2	1	394	8	1	20	1239
3.947	2	1	395	8	1	20	1239
3.956	2	1	396	7	1	20	1239
3.966	2	1	397	7	1	20	1239
3.976	2	1	398	7	1	20	1239
3.986	2	1	399	7	1	20	1239
3.996	2	1	400	7	1	20	1239
4.005	2	1	401	6	1	20	1239
4.015	2	1	402	6	1	20	1239
4.025	2	1	403	6	1	20	1239
4.035	2	1	404	6	1	20	1239
4.045	2	1	405	6	1	20	1239
4.054	2	1	406	5	1	20	1239
4.064	2	1	407	5	1	20	1239
4.074	2	1	408	5	1	20	1239
4.084	2	1	409	5	1	20	1239
4.086	2	1	409	7	1	20	1239
4.094	2	1	410	5	1	20	1239
4.104	2	1	411	5	1	20	1239
4.114	2	1	412	5	1	20	1239
4.124	2	1	413	5	1	20	1239
4.133	2	1	414	4	1	20	1239
4.143	2	1	415	4	1	20	1239
4.153	2	1	416	4	1	20	1239
4.163	2	1	417	4	1	20	1239
4.173	2	1	418	4	1	20	1239
4.182	2	1	419	3	1	20	1239
4.192	2	1	420	3	1	20	1239
4.202	2	1	421	3	1	20	1239
4.212	2	1	422	3	1	20	1239
4.222	2	1	423	3	1	20	1239
4.231	2	1	424	2	1	20	1239
4.241	2	1	425	2	1	20	1239
4.251	2	1	426	2	1	20	1239
4.261	2	1	427	2	1	20	1239
4.271	2	1	428	2	1	20	1239
4.28	2	1	429	1	1	20	1239
4.29	2	1	430	1	1	20	1239
4.3	2	1	431	1	1	20	1239
4.31	2	1	432	1	1	20	1239
4.319	2	1	432	10	1	20	1239
4.329	2	1	433	10	1	20	1239
4.339	2	1	434	10	1	20	1239
4.349	2	1	435	10	1	20	1239
4.359	2	1	436	10	1	20	1239
4.368	2	1	437	9	1	20	1239
4.378	2	1	438	9	1	20	1239
4.388	2	1	439	9	1	20	1239
4.398	2	1	440	9	1	20	1239
4.408	2	1	441	9	1	20	1239
4.417	2	1	442	8	1	20	1239
4.427	2	1	443	8	1	20	1239
4.437	2	1	444	8	1	20	1239
4.447	2	1	445	8	1	20	1239
4.457	2	1	446	8	1	20	1239
4.466	2	1	447	7	1	20	1239
4.476	2	1	448	7	1	20	1239
4.486	2	1	449	7	1	20	1239
4.496	2	1	450	7	1	20	1239
4.506	2	1	451	7	1	20	1239
4.515	2	1	452	6	1	20	1239
4.525	2	1	453	6	1	20	1239
4.535	2	1	454	6	1	20	1239
4.545	2	1	455	6	1	20	1239
4.555	2	1	456	6	1	20	1239
4.564	2	1	457	5	1	20	1239
4.566	2	1	457	7	1	20	1239
4.574	2	1	458	5	1	20	1239
4.585	2	1	459	6	1	20	1239
4.594	2	1	460	5	1	20	1239
4.604	2	1	461	5	1	20	1239
4.614	2	1	462	5	1	20	1239
4.624	2	1	463	5	1	20	1239
4.634	2	1	464	5	1	20	1239
4.643	2	1	465	4	1	20	1239
4.653	2	1	466	4	1	20	1239
4.663	2	1	467	4	1	20	1239
4.673	2	1	468	4	1	20	1239
4.683	2	1	469	4	1	20	1239
4.692	2	1	470	3	1	20	1239
4.702	2	1	471	3	1	20	1239
4.712	2	1	472	3	1	20	1239
4.722	2	1	473	3	1	20	1239
4.732	2	1	474	3	1	20	1239
4.741	2	1	475	2	1	20	1239
4.751	2	1	476	2	1	20	1239
4.761	2	1	477	2	1	20	1239
4.771	2	1	478	2	1	20	1239
4.781	2	1	479	2	1	20	1239
4.79	2	1	480	1	1	20	1239
4.8	2	1	481	1	1	20	1239
4.81	2	1	482	1	1	20	1239
4.82	2	1	483	1	1	20	1239
4.829	2	1	483	10	1	20	1239
4.839	2	1	484	10	1	20	1239
4.849	2	1	485	10	1	20	1239
4.859	2	1	486	10	1	20	1239
4.869	2	1	487	10	1	20	1239
4.878	2	1	488	9	1	20	1239
4.888	2	1	489	9	1	20	1239
4.898	2	1	490	9	1	20	1239
4.908	2	1	491	9	1	20	1239
4.918	2	1	492	9	1	20	1239
4.927	2	1	493	8	1	20	1239
4.937	2	1	494	8	1	20	1239
4.947	2	1	495	8	1	20	1239
4.957	2	1	496	8	1	20	1239
4.967	2	1	497	8	1	20	1239
4.976	2	1	498	7	1	20	1239
4.986	2	1	499	7	1	20	1239
4.996	2	1	500	7	1	20	1239
5.006	2	1	501	7	1	20	1239
5.016	2	1	502	7	1	20	1239
5.025	2	1	503	6	1	20	1239
5.035	2	1	504	6	1	20	1239
5.045	2	1	505	6	1	20	1239
5.046	2	1	505	7	1	20	1239
5.055	2	1	506	6	1	20	1239
5.065	2	1	507	6	1	20	1239
5.075	2	1	508	6	1	20	1239
5.085	2	1	509	6	1	20	1239
5.095	2	1	510	6	1	20	1239
5.104	2	1	511	5	1	20	1239
5.114	2	1	512	5	1	20	1239
5.124	2	1	513	5	1	20	1239
5.134	2	1	514	5	1	20	1239
5.144	2	1	515	5	1	20	1239
5.153	2	1	516	4	1	20	1239
5.163	2	1	517	4	1	20	1239
5.173	2	1	518	4	1	20	1239
5.183	2	1	519	4	1	20	1239
5.193	2	1	520	4	1	20	1239
5.202	2	1	521	3	1	20	1239
5.212	2	1	522	3	1	20	1239
5.222	2	1	523	3	1	20	1239
5.232	2	1	524	3	1	20	1239
5.242	2	1	525	3	1	20	1239
5.251	2	1	526	2	1	20	1239
5.261	2	1	527	2	1	20	1239
5.271	2	1	528	2	1	20	1239
5.281	2	1	529	2	1	20	1239
5.291	2	1	530	2	1	20	1239
5.3	2	1	531	1	1	20	1239
5.31	2	1	532	1	1	20	1239
5.32	2	1	533	1	1	20	1239
5.33	2	1	534	1	1	20	1239
5.339	2	1	534	10	1	20	1239
5.349	2	1	535	10	1	20	1239
5.359	2	1	536	10	1	20	1239
5.369	2	1	537	10	1	20	1239
5.379	2	1	538	10	1	20	1239
5.388	2	1	539	9	1	20	1239
5.398	2	1	540	9	1	20	1239
5.408	2	1	541	9	1	20	1239
5.418	2	1	542	9	1	20	1239
5.428	2	1	543	9	1	20	1239
5.437	2	1	544	8	1	20	1239
5.447	2	1	545	8	1	20	1239
5.457	2	1	546	8	1	20	1239
5.467	2	1	547	8	1	20	1239
5.477	2	1	548	8	1	20	1239
5.486	2	1	549	7	1	20	1239
5.496	2	1	550	7	1	20	1239
5.506	2	1	551	7	1	20	1239
5.516	2	1	552	7	1	20	1239
5.526	2	1	553	7	1	20	1239
5.535	2	1	554	6	1	20	1239
5.546	2	1	555	7	1	20	1239
5.556	2	1	556	7	1	20	1239
5.565	2	1	557	6	1	20	1239
5.575	2	1	558	6	1	20	1239
5.585	2	1	559	6	1	20	1239
5.595	2	1	560	6	1	20	1239
5.605	2	1	561	6	1	20	1239
5.614	2	1	562	5	1	20	1239
5.624	2	1	563	5	1	20	1239
5.634	2	1	564	5	1	20	1239
5.644	2	1	565	5	1	20	1239
5.654	2	1	566	5	1	20	1239
5.663	2	1	567	4	1	20	1239
5.673	2	1	568	4	1	20	1239
5.683	2	1	569	4	1	20	1239
5.693	2	1	570	4	1	20	1239
5.703	2	1	571	4	1	20	1239
5.712	2	1	572	3	1	20	1239
5.722	2	1	573	3	1	20	1239
5.732	2	1	574	3	1	20	1239
5.742	2	1	575	3	1	20	1239
5.752	2	1	576	3	1	20	1239
5.761	2	1	577	2	1	20	1239
5.771	2	1	578	2	1	20	1239
5.781	2	1	579	2	1	20	1239
5.791	2	1	580	2	1	20	1239
5.801	2	1	581	2	1	20	1239
5.81	2	1	582	1	1	20	1239
5.82	2	1	583	1	1	20	1239
5.83	2	1	584	1	1	20	1239
5.84	2	1	585	1	1	20	1239
5.849	2	1	585	10	1	20	1239
5.859	2	1	586	10	1	20	1239
5.869	2	1	587	10	1	20	1239
5.879	2	1	588	10	1	20	1239
5.889	2	1	589	10	1	20	1239
5.898	2	1	590	9	1	20	1239
5.908	2	1	591	9	1	20	1239
5.918	2	1	592	9	1	20	1239
5.928	2	1	593	9	1	20	1239
5.938	2	1	594	9	1	20	1239
5.947	2	1	595	8	1	20	1239
5.957	2	1	596	8	1	20	1239
5.967	2	1	597	8	1	20	1239
5.977	2	1	598	8	1	20	1239
5.987	2	1	599	8	1	20	1239
5.996	2	1	600	7	1	20	1239
6.006	2	1	601	7	1	20	1239
6.016	2	1	602	7	1	20	1239
6.026	2	1	603	7	1	20	1239
6.036	2	1	604	7	1	20	1239
6.046	2	1	605	7	1	20	1239
6.056	2	1	606	7	1	20	1239
6.066	2	1	607	7	1	20	1239
6.075	2	1	608	6	1	20	1239
6.085	2	1	609	6	1	20	1239
6.095	2	1	610	6	1	20	1239
6.105	2	1	611	6	1	20	1239
6.115	2	1	612	6	1	20	1239
6.124	2	1	613	5	1	20	1239
6.134	2	1	614	5	1	20	1239
6.144	2	1	615	5	1	20	1239
6.154	2	1	616	5	1	20	1239
6.164	2	1	617	5	1	20	1239
6.173	2	1	618	4	1	20	1239
6.183	2	1	619	4	1	20	1239
6.193	2	1	620	4	1	20	1239
6.203	2	1	621	4	1	20	1239
6.213	2	1	622	4	1	20	1239
6.222	2	1	623	3	1	20	1239
6.232	2	1	624	3	1	20	1239
6.242	2	1	625	3	1	20	1239
6.252	2	1	626	3	1	20	1239
6.262	2	1	627	3	1	20	1239
6.271	2	1	628	2	1	20	1239
6.281	2	1	629	2	1	20	1239
6.291	2	1	630	2	1	20	1239
6.301	2	1	631	2	1	20	1239
6.311	2	1	632	2	1	20	1239
6.32	2	1	633	1	1	20	1239
6.33	2	1	634	1	1	20	1239
6.34	2	1	635	1	1	20	1239
6.35	2	1	636	1	1	20	1239
6.359	2	1	636	10	1	20	1239
6.369	2	1	637	10	1	20	1239
6.379	2	1	638	10	1	20	1239
6.389	2	1	639	10	1	20	1239
6.399	2	1	640	10	1	20	1239
6.408	2	1	641	9	1	20	1239
6.418	2	1	642	9	1	20	1239
6.428	2	1	643	9	1	20	1239
6.438	2	1	644	9	1	20	1239
6.448	2	1	645	9	1	20	1239
6.457	2	1	646	8	1	20	1239
6.467	2	1	647	8	1	20	1239
6.477	2	1	648	8	1	20	1239
6.486	2	1	649	7	1	20	1239
6.487	2	1	649	8	1	20	1239
6.497	2	1	650	8	1	20	1239
6.507	2	1	651	8	1	20	1239
6.517	2	1	652	8	1	20	1239
6.527	2	1	653	8	1	20	1239
6.536	2	1	654	7	1	20	1239
6.546	2	1	655	7	1	20	1239
6.556	2	1	656	7	1	20	1239
6.566	2	1	657	7	1	20	1239
6.576	2	1	658	7	1	20	1239
6.585	2	1	659	6	1	20	1239
6.595	2	1	660	6	1	20	1239
6.605	2	1	661	6	1	20	1239
6.615	2	1	662	6	1	20	1239
6.625	2	1	663	6	1	20	1239
6.634	2	1	664	5	1	20	1239
6.644	2	1	665	5	1	20	1239
6.654	2	1	666	5	1	20	1239
6.664	2	1	667	5	1	20	1239
6.674	2	1	668	5	1	20	1239
6.683	2	1	669	4	1	20	1239
6.693	2	1	670	4	1	20	1239
6.703	2	1	671	4	1	20	1239
6.713	2	1	672	4	1	20	1239
6.723	2	1	673	4	1	20	1239
6.732	2	1	674	3	1	20	1239
6.742	2	1	675	3	1	20	1239
6.752	2	1	676	3	1	20	1239
6.762	2	1	677	3	1	20	1239
6.772	2	1	678	3	1	20	1239
6.781	2	1	679	2	1	20	1239
6.791	2	1	680	2	1	20	1239
6.801	2	1	681	2	1	20	1239
6.811	2	1	682	2	1	20	1239
6.821	2	1	683	2	1	20	1239
6.83	2	1	684	1	1	20	1239
6.84	2	1	685	1	1	20	1239
6.85	2	1	686	1	1	20	1239
6.86	2	1	687	1	1	20	1239
6.869	2	1	687	10	1	20	1239
6.879	2	1	688	10	1	20	1239
6.889	2	1	689	10	1	20	1239
6.899	2	1	690	10	1	20	1239
6.909	2	1	691	10	1	20	1239
6.918	2	1	692	9	1	20	1239
6.928	2	1	693	9	1	20	1239
6.938	2	1	694	9	1	20	1239
6.948	2	1	695	9	1	20	1239
6.958	2	1	696	9	1	20	1239
6.967	2	1	697	8	1	20	1239
6.978	2	1	698	9	1	20	1239
6.988	2	1	699	9	1	20	1239
6.997	2	1	700	8	1	20	1239
7.007	2	1	701	8	1	20	1239
7.017	2	1	702	8	1	20	1239
7.027	2	1	703	8	1	20	1239
7.037	2	1	704	8	1	20	1239
7.046	2	1	705	7	1	20	1239
7.056	2	1	706	7	1	20	1239
7.066	2	1	707	7	1	20	1239
7.076	2	1	708	7	1	20	1239
7.086	2	1	709	7	1	20	1239
7.095	2	1	710	6	1	20	1239
7.105	2	1	711	6	1	20	1239
7.115	2	1	712	6	1	20	1239
7.125	2	1	713	6	1	20	1239
7.135	2	1	714	6	1	20	1239
7.144	2	1	715	5	1	20	1239
7.154	2	1	716	5	1	20	1239
7.164	2	1	717	5	1	20	1239
7.174	2	1	718	5	1	20	1239
7.184	2	1	719	5	1	20	1239
7.193	2	1	720	4	1	20	1239
7.203	2	1	721	4	1	20	1239
7.213	2	1	722	4	1	20	1239
7.223	2	1	723	4	1	20	1239
7.233	2	1	724	4	1	20	1239
7.242	2	1	725	3	1	20	1239
7.252	2	1	726	3	1	20	1239
7.262	2	1	727	3	1	20	1239
7.272	2	1	728	3	1	20	1239
7.282	2	1	729	3	1	20	1239
7.291	2	1	730	2	1	20	1239
7.301	2	1	731	2	1	20	1239
7.311	2	1	732	2	1	20	1239
7.321	2	1	733	2	1	20	1239
7.331	2	1	734	2	1	20	1239
7.34	2	1	735	1	1	20	1239
7.35	2	1	736	1	1	20	1239
7.36	2	1	737	1	1	20	1239
7.37	2	1	738	1	1	20	1239
7.379	2	1	738	10	1	20	1239
7.389	2	1	739	10	1	20	1239
7.399	2	1	740	10	1	20	1239
7.409	2	1	741	10	1	20	1239
7.419	2	1	742	10	1	20	1239
7.428	2	1	743	9	1	20	1239
7.438	2	1	744	9	1	20	1239
7.448	2	1	745	9	1	20	1239
7.458	2	1	746	9	1	20	1239
7.468	2	1	747	9	1	20	1239
7.478	2	1	748	9	1	20	1239
7.488	2	1	749	9	1	20	1239
7.498	2	1	750	9	1	20	1239
7.507	2	1	751	8	1	20	1239
7.517	2	1	752	8	1	20	1239
7.527	2	1	753	8	1	20	1239
7.537	2	1	754	8	1	20	1239
7.547	2	1	755	8	1	20	1239
7.556	2	1	756	7	1	20	1239
7.566	2	1	757	7	1	20	1239
7.576	2	1	758	7	1	20	1239
7.586	2	1	759	7	1	20	1239
7.596	2	1	760	7	1	20	1239
7.605	2	1	761	6	1	20	1239
7.615	2	1	762	6	1	20	1239
7.625	2	1	763	6	1	20	1239
7.635	2	1	764	6	1	20	1239
7.645	2	1	765	6	1	20	1239
7.654	2	1	766	5	1	20	1239
7.664	2	1	767	5	1	20	1239
7.674	2	1	768	5	1	20	1239
7.684	2	1	769	5	1	20	1239
7.694	2	1	770	5	1	20	1239
7.703	2	1	771	4	1	20	1239
7.713	2	1	772	4	1	20	1239
7.723	2	1	773	4	1	20	1239
7.733	2	1	774	4	1	20	1239
7.743	2	1	775	4	1	20	1239
7.752	2	1	776	3	1	20	1239
7.762	2	1	777	3	1	20	1239
7.772	2	1	778	3	1	20	1239
7.782	2	1	779	3	1	20	1239
7.792	2	1	780	3	1	20	1239
7.801	2	1	781	2	1	20	1239
7.811	2	1	782	2	1	20	1239
7.821	2	1	783	2	1	20	1239
7.831	2	1	784	2	1	20	1239
7.841	2	1	785	2	1	20	1239
7.85	2	1	786	1	1	20	1239
7.86	2	1	787	1	1	20	1239
7.87	2	1	788	1	1	20	1239
7.88	2	1	789	1	1	20	1239
7.889	2	1	789	10	1	20	1239
7.899	2	1	790	10	1	20	1239
7.909	2	1	791	10	1	20	1239
7.919	2	1	792	10	1	20	1239
7.926	2	1	793	7	1	20	1239
7.929	2	1	793	10	1	20	1239
7.939	2	1	794	10	1	20	1239
7.949	2	1	795	10	1	20	1239
7.959	2	1	796	10	1	20	1239
7.968	2	1	797	9	1	20	1239
7.978	2	1	798	9	1	20	1239
7.988	2	1	799	9	1	20	1239
7.998	2	1	800	9	1	20	1239
8.008	2	1	801	9	1	20	1239
8.017	2	1	802	8	1	20	1239
8.027	2	1	803	8	1	20	1239
8.037	2	1	804	8	1	20	1239
8.047	2	1	805	8	1	20	1239
8.057	2	1	806	8	1	20	1239
8.066	2	1	807	7	1	20	1239
8.076	2	1	808	7	1	20	1239
8.086	2	1	809	7	1	20	1239
8.096	2	1	810	7	1	20	1239
8.106	2	1	811	7	1	20	1239
8.115	2	1	812	6	1	20	1239
8.125	2	1	813	6	1	20	1239
8.135	2	1	814	6	1	20	1239
8.145	2	1	815	6	1	20	1239
8.155	2	1	816	6	1	20	1239
8.164	2	1	817	5	1	20	1239
8.174	2	1	818	5	1	20	1239
8.184	2	1	819	5	1	20	1239
8.194	2	1	820	5	1	20	1239
8.204	2	1	821	5	1	20	1239
8.213	2	1	822	4	1	20	1239
8.223	2	1	823	4	1	20	1239
8.233	2	1	824	4	1	20	1239
8.243	2	1	825	4	1	20	1239
8.253	2	1	826	4	1	20	1239
8.262	2	1	827	3	1	20	1239
8.272	2	1	828	3	1	20	1239
8.282	2	1	829	3	1	20	1239
8.292	2	1	830	3	1	20	1239
8.302	2	1	831	3	1	20	1239
8.311	2	1	832	2	1	20	1239
8.321	2	1	833	2	1	20	1239
8.331	2	1	834	2	1	20	1239
8.341	2	1	835	2	1	20	1239
8.351	2	1	836	2	1	20	1239
8.36	2	1	837	1	1	20	1239
8.37	2	1	838	1	1	20	1239
8.38	2	1	839	1	1	20	1239
8.39	2	1	840	1	1	20	1239
8.399	2	1	840	10	1	20	1239
8.406	2	1	841	7	1	20	1239
8.409	2	1	841	10	1	20	1239
8.42	2	1	843	1	1	20	1239
8.429	2	1	843	10	1	20	1239
8.439	2	1	844	10	1	20	1239
8.449	2	1	845	10	1	20	1239
8.459	2	1	846	10	1	20	1239
8.469	2	1	847	10	1	20	1239
8.478	2	1	848	9	1	20	1239
8.488	2	1	849	9	1	20	1239
8.498	2	1	850	9	1	20	1239
8.508	2	1	851	9	1	20	1239
8.518	2	1	852	9	1	20	1239
8.527	2	1	853	8	1	20	1239
8.537	2	1	854	8	1	20	1239
8.547	2	1	855	8	1	20	1239
8.557	2	1	856	8	1	20	1239
8.567	2	1	857	8	1	20	1239
8.576	2	1	858	7	1	20	1239
8.586	2	1	859	7	1	20	1239
8.596	2	1	860	7	1	20	1239
8.606	2	1	861	7	1	20	1239
8.616	2	1	862	7	1	20	1239
8.625	2	1	863	6	1	20	1239
8.635	2	1	864	6	1	20	1239
8.645	2	1	865	6	1	20	1239
8.655	2	1	866	6	1	20	1239
8.665	2	1	867	6	1	20	1239
8.674	2	1	868	5	1	20	1239
8.684	2	1	869	5	1	20	1239
8.694	2	1	870	5	1	20	1239
8.704	2	1	871	5	1	20	1239
8.714	2	1	872	5	1	20	1239
8.723	2	1	873	4	1	20	1239
8.733	2	1	874	4	1	20	1239
8.743	2	1	875	4	1	20	1239
8.753	2	1	876	4	1	20	1239
8.763	2	1	877	4	1	20	1239
8.772	2	1	878	3	1	20	1239
8.782	2	1	879	3	1	20	1239
8.792	2	1	880	3	1	20	1239
8.802	2	1	881	3	1	20	1239
8.812	2	1	882	3	1	20	1239
8.821	2	1	883	2	1	20	1239
8.831	2	1	884	2	1	20	1239
8.841	2	1	885	2	1	20	1239
8.851	2	1	886	2	1	20	1239
8.861	2	1	887	2	1	20	1239
8.87	2	1	888	1	1	20	1239
8.88	2	1	889	1	1	20	1239
8.886	2	1	889	7	1	20	1239
8.89	2	1	890	1	1	20	1239
8.9	2	1	891	1	1	20	1239
8.91	2	1	892	1	1	20	1239
8.92	2	1	893	1	1	20	1239
8.93	2	1	894	1	1	20	1239
8.939	2	1	894	10	1	20	1239
8.949	2	1	895	10	1	20	1239
8.959	2	1	896	10	1	20	1239
8.969	2	1	897	10	1	20	1239
8.979	2	1	898	10	1	20	1239
8.988	2	1	899	9	1	20	1239
8.998	2	1	900	9	1	20	1239
9.008	2	1	901	9	1	20	1239
9.018	2	1	902	9	1	20	1239
9.028	2	1	903	9	1	20	1239
9.037	2	1	904	8	1	20	1239
9.047	2	1	905	8	1	20	1239
9.057	2	1	906	8	1	20	1239
9.067	2	1	907	8	1	20	1239
9.077	2	1	908	8	1	20	1239
9.086	2	1	909	7	1	20	1239
9.096	2	1	910	7	1	20	1239
9.106	2	1	911	7	1	20	1239
9.116	2	1	912	7	1	20	1239
9.126	2	1	913	7	1	20	1239
9.135	2	1	914	6	1	20	1239
9.145	2	1	915	6	1	20	1239
9.155	2	1	916	6	1	20	1239
9.165	2	1	917	6	1	20	1239
9.175	2	1	918	6	1	20	1239
9.184	2	1	919	5	1	20	1239
9.194	2	1	920	5	1	20	1239
9.204	2	1	921	5	1	20	1239
9.214	2	1	922	5	1	20	1239
9.224	2	1	923	5	1	20	1239
9.233	2	1	924	4	1	20	1239
9.243	2	1	925	4	1	20	1239
9.253	2	1	926	4	1	20	1239
9.263	2	1	927	4	1	20	1239
9.273	2	1	928	4	1	20	1239
9.282	2	1	929	3	1	20	1239
9.292	2	1	930	3	1	20	1239
9.302	2	1	931	3	1	20	1239
9.312	2	1	932	3	1	20	1239
9.322	2	1	933	3	1	20	1239
9.331	2	1	934	2	1	20	1239
9.341	2	1	935	2	1	20	1239
9.351	2	1	936	2	1	20	1239
9.361	2	1	937	2	1	20	1239
9.366	2	1	937	7	1	20	1239
9.371	2	1	938	2	1	20	1239
9.381	2	1	939	2	1	20	1239
9.391	2	1	940	2	1	20	1239
9.4	2	1	941	1	1	20	1239
9.41	2	1	942	1	1	20	1239
9.42	2	1	943	1	1	20	1239
9.43	2	1	944	1	1	20	1239
9.44	2	1	945	1	1	20	1239
9.449	2	1	945	10	1	20	1239
9.459	2	1	946	10	1	20	1239
9.469	2	1	947	10	1	20	1239
9.479	2	1	948	10	1	20	1239
9.489	2	1	949	10	1	20	1239
9.498	2	1	950	9	1	20	1239
9.508	2	1	951	9	1	20	1239
9.518	2	1	952	9	1	20	1239
9.528	2	1	953	9	1	20	1239
9.538	2	1	954	9	1	20	1239
9.547	2	1	955	8	1	20	1239
9.557	2	1	956	8	1	20	1239
9.567	2	1	957	8	1	20	1239
9.577	2	1	958	8	1	20	1239
9.587	2	1	959	8	1	20	1239
9.596	2	1	960	7	1	20	1239
9.606	2	1	961	7	1	20	1239
9.616	2	1	962	7	1	20	1239
9.626	2	1	963	7	1	20	1239
9.636	2	1	964	7	1	20	1239
9.645	2	1	965	6	1	20	1239
9.655	2	1	966	6	1	20	1239
9.665	2	1	967	6	1	20	1239
9.675	2	1	968	6	1	20	1239
9.685	2	1	969	6	1	20	1239
9.694	2	1	970	5	1	20	1239
9.704	2	1	971	5	1	20	1239
9.714	2	1	972	5	1	20	1239
9.724	2	1	973	5	1	20	1239
9.734	2	1	974	5	1	20	1239
9.743	2	1	975	4	1	20	1239
9.753	2	1	976	4	1	20	1239
9.763	2	1	977	4	1	20	1239
9.773	2	1	978	4	1	20	1239
9.783	2	1	979	4	1	20	1239
9.792	2	1	980	3	1	20	1239
9.802	2	1	981	3	1	20	1239
9.812	2	1	982	3	1	20	1239
9.822	2	1	983	3	1	20	1239
9.832	2	1	984	3	1	20	1239
9.841	2	1	985	2	1	20	1239
9.846	2	1	985	7	1	20	1239
9.851	2	1	986	2	1	20	1239
9.861	2	1	987	2	1	20	1239
9.871	2	1	988	2	1	20	1239
9.881	2	1	989	2	1	20	1239
9.891	2	1	990	2	1	20	1239
9.901	2	1	991	2	1	20	1239
9.91	2	1	992	1	1	20	1239
9.92	2	1	993	1	1	20	1239
9.93	2	1	994	1	1	20	1239
9.94	2	1	995	1	1	20	1239
9.95	2	1	996	1	1	20	1239
9.959	2	1	996	10	1	20	1239
9.969	2	1	997	10	1	20	1239
9.979	2	1	998	10	1	20	1239
9.989	2	1	999	10	1	20	1239
9.999	2	1	1000	10	1	20	1239
10.008	2	1	1001	9	1	20	1239
10.018	2	1	1002	9	1	20	1239
10.028	2	1	1003	9	1	20	1239
10.038	2	1	1004	9	1	20	1239
10.051	1	1	1006	2	2	0	85
10.067	1	1	1007	8	2	20	1239
10.071	1	1	1008	2	2	20	1239
10.076	1	1	1008	7	2	20	1239
10.081	1	1	1009	2	2	20	1239
10.087	1	1	1009	8	2	20	1239
10.092	1	1	1010	3	2	20	1239
10.096	1	1	1010	7	2	20	1239
10.101	1	1	1011	2	2	20	1239
10.106	1	1	1011	7	2	20	1239
10.111	1	1	1012	2	2	20	1239
10.116	1	1	1012	7	2	20	1239
10.121	1	1	1013	2	2	20	1239
10.126	1	1	1013	7	2	20	1239
10.131	1	1	1014	2	2	20	1239
10.136	1	1	1014	7	2	20	1239
10.14	1	1	1015	1	2	20	1239
10.145	1	1	1015	6	2	20	1239
10.15	1	1	1016	1	2	20	1239
10.155	1	1	1016	6	2	20	1239
10.16	1	1	1017	1	2	20	1239
10.165	1	1	1017	6	2	20	1239
10.17	1	1	1018	1	2	20	1239
10.175	1	1	1018	6	2	20	1239
10.18	1	1	1019	1	2	20	1239
10.185	1	1	1019	6	2	20	1239
10.189	1	1	1019	10	2	20	1239
10.194	1	1	1020	5	2	20	1239
10.199	1	1	1020	10	2	20	1239
10.204	1	1	1021	5	2	20	1239
10.206	1	1	1021	7	2	20	1239
10.209	1	1	1021	10	2	20	1239
10.214	1	1	1022	5	2	20	1239
10.219	1	1	1022	10	2	20	1239
10.224	1	1	1023	5	2	20	1239
10.229	1	1	1023	10	2	20	1239
10.234	1	1	1024	5	2	20	1239
10.239	1	1	1024	10	2	20	1239
10.244	1	1	1025	5	2	20	1239
10.249	1	1	1025	10	2	20	1239
10.254	1	1	1026	5	2	20	1239
10.259	1	1	1026	10	2	20	1239
10.263	1	1	1027	4	2	20	1239
10.268	1	1	1027	9	2	20	1239
10.273	1	1	1028	4	2	20	1239
10.278	1	1	1028	9	2	20	1239
10.283	1	1	1029	4	2	20	1239
10.288	1	1	1029	9	2	20	1239
10.293	1	1	1030	4	2	20	1239
10.298	1	1	1030	9	2	20	1239
10.303	1	1	1031	4	2	20	1239
10.308	1	1	1031	9	2	20	1239
10.312	1	1	1032	3	2	20	1239
10.317	1	1	1032	8	2	20	1239
10.322	1	1	1033	3	2	20	1239
10.327	1	1	1033	8	2	20	1239
10.332	1	1	1034	3	2	20	1239
10.337	1	1	1034	8	2	20	1239
10.342	1	1	1035	3	2	20	1239
10.347	1	1	1035	8	2	20	1239
10.352	1	1	1036	3	2	20	1239
10.357	1	1	1036	8	2	20	1239
10.361	1	1	1037	2	2	20	1239
10.366	1	1	1037	7	2	20	1239
10.371	1	1	1038	2	2	20	1239
10.376	1	1	1038	7	2	20	1239
10.381	1	1	1039	2	2	20	1239
10.386	1	1	1039	7	2	20	1239
10.391	1	1	1040	2	2	20	1239
10.396	1	1	1040	7	2	20	1239
10.401	1	1	1041	2	2	20	1239
10.406	1	1	1041	7	2	20	1239
10.41	1	1	1042	1	2	20	1239
10.415	1	1	1042	6	2	20	1239
10.42	1	1	1043	1	2	20	1239
10.425	1	1	1043	6	2	20	1239
10.43	1	1	1044	1	2	20	1239
10.435	1	1	1044	6	2	20	1239
10.44	1	1	1045	1	2	20	1239
10.445	1	1	1045	6	2	20	1239
10.45	1	1	1046	1	2	20	1239
10.455	1	1	1046	6	2	20	1239
10.459	1	1	1046	10	2	20	1239
10.464	1	1	1047	5	2	20	1239
10.469	1	1	1047	10	2	20	1239
10.474	1	1	1048	5	2	20	1239
10.479	1	1	1048	10	2	20	1239
10.484	1	1	1049	5	2	20	1239
10.489	1	1	1049	10	2	20	1239
10.494	1	1	1050	5	2	20	1239
10.499	1	1	1050	10	2	20	1239
10.504	1	1	1051	5	2	20	1239
10.508	1	1	1051	9	2	20	1239
10.513	1	1	1052	4	2	20	1239
10.518	1	1	1052	9	2	20	1239
10.523	1	1	1053	4	2	20	1239
10.528	1	1	1053	9	2	20	1239
10.533	1	1	1054	4	2	20	1239
10.538	1	1	1054	9	2	20	1239
10.543	1	1	1055	4	2	20	1239
10.548	1	1	1055	9	2	20	1239
10.553	1	1	1056	4	2	20	1239
10.557	1	1	1056	8	2	20	1239
10.562	1	1	1057	3	2	20	1239
10.567	1	1	1057	8	2	20	1239
10.572	1	1	1058	3	2	20	1239
10.577	1	1	1058	8	2	20	1239
10.582	1	1	1059	3	2	20	1239
10.587	1	1	1059	8	2	20	1239
10.592	1	1	1060	3	2	20	1239
10.597	1	1	1060	8	2	20	1239
10.602	1	1	1061	3	2	20	1239
10.606	1	1	1061	7	2	20	1239
10.611	1	1	1062	2	2	20	1239
10.616	1	1	1062	7	2	20	1239
10.621	1	1	1063	2	2	20	1239
10.626	1	1	1063	7	2	20	1239
10.631	1	1	1064	2	2	20	1239
10.636	1	1	1064	7	2	20	1239
10.646	1	1	1065	7	2	20	1239
10.655	1	1	1066	6	2	20	1239
10.665	1	1	1067	6	2	20	1239
10.675	1	1	1068	6	2	20	1239
10.685	1	1	1069	6	2	20	1239
10.686	1	1	1069	7	2	20	1239
10.695	1	1	1070	6	2	20	1239
10.705	1	1	1071	6	2	20	1239
10.715	1	1	1072	6	2	20	1239
10.724	1	1	1073	5	2	20	1239
10.734	1	1	1074	5	2	20	1239
10.744	1	1	1075	5	2	20	1239
10.754	1	1	1076	5	2	20	1239
10.764	1	1	1077	5	2	20	1239
10.773	1	1	1078	4	2	20	1239
10.783	1	1	1079	4	2	20	1239
10.793	1	1	1080	4	2	20	1239
10.803	1	1	1081	4	2	20	1239
10.813	1	1	1082	4	2	20	1239
10.822	1	1	1083	3	2	20	1239
10.832	1	1	1084	3	2	20	1239
10.837	1	1	1084	8	2	20	1239
10.842	1	1	1085	3	2	20	1239
10.847	1	1	1085	8	2	20	1239
10.852	1	1	1086	3	2	20	1239
10.857	1	1	1086	8	2	20	1239
10.862	1	1	1087	3	2	20	1239
10.867	1	1	1087	8	2	20	1239
10.871	1	1	1088	2	2	20	1239
10.876	1	1	1088	7	2	20	1239
10.881	1	1	1089	2	2	20	1239
10.886	1	1	1089	7	2	20	1239
10.891	1	1	1090	2	2	20	1239
10.896	1	1	1090	7	2	20	1239
10.901	1	1	1091	2	2	20	1239
10.906	1	1	1091	7	2	20	1239
10.911	1	1	1092	2	2	20	1239
10.916	1	1	1092	7	2	20	1239
10.92	1	1	1093	1	2	20	1239
10.925	1	1	1093	6	2	20	1239
10.93	1	1	1094	1	2	20	1239
10.94	1	1	1095	1	2	20	1239
10.95	1	1	1096	1	2	20	1239
10.96	1	1	1097	1	2	20	1239
10.969	1	1	1097	10	2	20	1239
10.979	1	1	1098	10	2	20	1239
10.989	1	1	1099	10	2	20	1239
10.999	1	1	1100	10	2	20	1239
11.009	1	1	1101	10	2	20	1239
11.018	1	1	1102	9	2	20	1239
11.028	1	1	1103	9	2	20	1239
11.038	1	1	1104	9	2	20	1239
11.048	1	1	1105	9	2	20	1239
11.058	1	1	1106	9	2	20	1239
11.067	1	1	1107	8	2	20	1239
11.077	1	1	1108	8	2	20	1239
11.087	1	1	1109	8	2	20	1239
11.097	1	1	1110	8	2	20	1239
11.107	1	1	1111	8	2	20	1239
11.116	1	1	1112	7	2	20	1239
11.126	1	1	1113	7	2	20	1239
11.136	1	1	1114	7	2	20	1239
11.146	1	1	1115	7	2	20	1239
11.156	1	1	1116	7	2	20	1239
11.165	1	1	1117	6	2	20	1239
11.166	1	1	1117	7	2	20	1239
11.175	1	1	1118	6	2	20	1239
11.185	1	1	1119	6	2	20	1239
11.195	1	1	1120	6	2	20	1239
11.205	1	1	1121	6	2	20	1239
11.215	1	1	1122	6	2	20	1239
11.225	1	1	1123	6	2	20	1239
11.234	1	1	1124	5	2	20	1239
11.244	1	1	1125	5	2	20	1239
11.254	1	1	1126	5	2	20	1239
11.264	1	1	1127	5	2	20	1239
11.274	1	1	1128	5	2	20	1239
11.283	1	1	1129	4	2	20	1239
11.293	1	1	1130	4	2	20	1239
11.303	1	1	1131	4	2	20	1239
11.313	1	1	1132	4	2	20	1239
11.323	1	1	1133	4	2	20	1239
11.332	1	1	1134	3	2	20	1239
11.342	1	1	1135	3	2	20	1239
11.352	1	1	1136	3	2	20	1239
11.362	1	1	1137	3	2	20	1239
11.372	1	1	1138	3	2	20	1239
11.381	1	1	1139	2	2	20	1239
11.391	1	1	1140	2	2	20	1239
11.401	1	1	1141	2	2	20	1239
11.411	1	1	1142	2	2	20	1239
11.421	1	1	1143	2	2	20	1239
11.43	1	1	1144	1	2	20	1239
11.44	1	1	1145	1	2	20	1239
11.45	1	1	1146	1	2	20	1239
11.46	1	1	1147	1	2	20	1239
11.47	1	1	1148	1	2	20	1239
11.479	1	1	1148	10	2	20	1239
11.489	1	1	1149	10	2	20	1239
11.499	1	1	1150	10	2	20	1239
11.509	1	1	1151	10	2	20	1239
11.519	1	1	1152	10	2	20	1239
11.528	1	1	1153	9	2	20	1239
11.538	1	1	1154	9	2	20	1239
11.548	1	1	1155	9	2	20	1239
11.558	1	1	1156	9	2	20	1239
11.568	1	1	1157	9	2	20	1239
11.577	1	1	1158	8	2	20	1239
11.587	1	1	1159	8	2	20	1239
11.597	1	1	1160	8	2	20	1239
11.607	1	1	1161	8	2	20	1239
11.617	1	1	1162	8	2	20	1239
11.626	1	1	1163	7	2	20	1239
11.636	1	1	1164	7	2	20	1239
11.646	1	1	1165	7	2	20	1239
11.656	1	1	1166	7	2	20	1239
11.666	1	1	1167	7	2	20	1239
11.676	1	1	1168	7	2	20	1239
11.686	1	1	1169	7	2	20	1239
11.695	1	1	1170	6	2	20	1239
11.705	1	1	1171	6	2	20	1239
11.715	1	1	1172	6	2	20	1239
11.725	1	1	1173	6	2	20	1239
11.735	1	1	1174	6	2	20	1239
11.744	1	1	1175	5	2	20	1239
11.754	1	1	1176	5	2	20	1239
11.764	1	1	1177	5	2	20	1239
11.774	1	1	1178	5	2	20	1239
11.784	1	1	1179	5	2	20	1239
11.793	1	1	1180	4	2	20	1239
11.803	1	1	1181	4	2	20	1239
11.813	1	1	1182	4	2	20	1239
11.823	1	1	1183	4	2	20	1239
11.833	1	1	1184	4	2	20	1239
11.842	1	1	1185	3	2	20	1239
11.852	1	1	1186	3	2	20	1239
11.862	1	1	1187	3	2	20	1239
11.872	1	1	1188	3	2	20	1239
11.882	1	1	1189	3	2	20	1239
11.891	1	1	1190	2	2	20	1239
11.901	1	1	1191	2	2	20	1239
11.911	1	1	1192	2	2	20	1239
11.921	1	1	1193	2	2	20	1239
11.931	1	1	1194	2	2	20	1239
11.94	1	1	1195	1	2	20	1239
11.95	1	1	1196	1	2	20	1239
11.96	1	1	1197	1	2	20	1239
11.97	1	1	1198	1	2	20	1239
11.98	1	1	1199	1	2	20	1239
11.989	1	1	1199	10	2	20	1239
11.999	1	1	1200	10	2	20	1239
12.009	1	1	1201	10	2	20	1239
12.019	1	1	1202	10	2	20	1239
12.029	1	1	1203	10	2	20	1239
12.038	1	1	1204	9	2	20	1239
12.048	1	1	1205	9	2	20	1239
12.058	1	1	1206	9	2	20	1239
12.068	1	1	1207	9	2	20	1239
12.078	1	1	1208	9	2	20	1239
12.087	1	1	1209	8	2	20	1239
12.097	1	1	1210	8	2	20	1239
12.107	1	1	1211	8	2	20	1239
12.117	1	1	1212	8	2	20	1239
12.126	1	1	1213	7	2	20	1239
12.127	1	1	1213	8	2	20	1239
12.136	1	1	1214	7	2	20	1239
12.147	1	1	1215	8	2	20	1239
12.157	1	1	1216	8	2	20	1239
12.166	1	1	1217	7	2	20	1239
12.176	1	1	1218	7	2	20	1239
12.186	1	1	1219	7	2	20	1239
12.196	1	1	1220	7	2	20	1239
12.205	1	1	1221	6	2	20	1239
12.215	1	1	1222	6	2	20	1239
12.225	1	1	1223	6	2	20	1239
12.235	1	1	1224	6	2	20	1239
12.245	1	1	1225	6	2	20	1239
12.254	1	1	1226	5	2	20	1239
12.264	1	1	1227	5	2	20	1239
12.274	1	1	1228	5	2	20	1239
12.284	1	1	1229	5	2	20	1239
12.294	1	1	1230	5	2	20	1239
12.303	1	1	1231	4	2	20	1239
12.313	1	1	1232	4	2	20	1239
12.323	1	1	1233	4	2	20	1239
12.333	1	1	1234	4	2	20	1239
12.343	1	1	1235	4	2	20	1239
12.352	1	1	1236	3	2	20	1239
12.362	1	1	1237	3	2	20	1239
12.372	1	1	1238	3	2	20	1239
12.382	1	1	1239	3	2	20	1239
12.392	1	1	1240	3	2	20	1239
12.401	1	1	1241	2	2	20	1239
12.411	1	1	1242	2	2	20	1239
12.421	1	1	1243	2	2	20	1239
12.431	1	1	1244	2	2	20	1239
12.441	1	1	1245	2	2	20	1239
12.45	1	1	1246	1	2	20	1239
12.46	1	1	1247	1	2	20	1239
12.47	1	1	1248	1	2	20	1239
12.48	1	1	1249	1	2	20	1239
12.49	1	1	1250	1	2	20	1239
12.499	1	1	1250	10	2	20	1239
12.509	1	1	1251	10	2	20	1239
12.519	1	1	1252	10	2	20	1239
12.529	1	1	1253	10	2	20	1239
12.539	1	1	1254	10	2	20	1239
12.548	1	1	1255	9	2	20	1239
12.558	1	1	1256	9	2	20	1239
12.568	1	1	1257	9	2	20	1239
12.578	1	1	1258	9	2	20	1239
12.588	1	1	1259	9	2	20	1239
12.597	1	1	1260	8	2	20	1239
12.606	1	1	1261	7	2	20	1239
12.607	1	1	1261	8	2	20	1239
12.617	1	1	1262	8	2	20	1239
12.627	1	1	1263	8	2	20	1239
12.637	1	1	1264	8	2	20	1239
12.647	1	1	1265	8	2	20	1239
12.657	1	1	1266	8	2	20	1239
12.667	1	1	1267	8	2	20	1239
12.676	1	1	1268	7	2	20	1239
12.686	1	1	1269	7	2	20	1239
12.696	1	1	1270	7	2	20	1239
12.706	1	1	1271	7	2	20	1239
12.715	1	1	1272	6	2	20	1239
12.725	1	1	1273	6	2	20	1239
12.735	1	1	1274	6	2	20	1239
12.745	1	1	1275	6	2	20	1239
12.755	1	1	1276	6	2	20	1239
12.764	1	1	1277	5	2	20	1239
12.774	1	1	1278	5	2	20	1239
12.784	1	1	1279	5	2	20	1239
12.794	1	1	1280	5	2	20	1239
12.804	1	1	1281	5	2	20	1239
12.813	1	1	1282	4	2	20	1239
12.823	1	1	1283	4	2	20	1239
12.833	1	1	1284	4	2	20	1239
12.843	1	1	1285	4	2	20	1239
12.853	1	1	1286	4	2	20	1239
12.862	1	1	1287	3	2	20	1239
12.872	1	1	1288	3	2	20	1239
12.882	1	1	1289	3	2	20	1239
12.892	1	1	1290	3	2	20	1239
12.902	1	1	1291	3	2	20	1239
12.911	1	1	1292	2	2	20	1239
12.921	1	1	1293	2	2	20	1239
12.931	1	1	1294	2	2	20	1239
12.941	1	1	1295	2	2	20	1239
12.951	1	1	1296	2	2	20	1239
12.96	1	1	1297	1	2	20	1239
12.97	1	1	1298	1	2	20	1239
12.98	1	1	1299	1	2	20	1239
12.99	1	1	1300	1	2	20	1239
13	1	1	1301	1	2	20	1239
13.009	1	1	1301	10	2	20	1239
13.019	1	1	1302	10	2	20	1239
13.029	1	1	1303	10	2	20	1239
13.039	1	1	1304	10	2	20	1239
13.049	1	1	1305	10	2	20	1239
13.058	1	1	1306	9	2	20	1239
13.068	1	1	1307	9	2	20	1239
13.078	1	1	1308	9	2	20	1239
13.088	1	1	1309	9	2	20	1239
13.098	1	1	1310	9	2	20	1239
13.108	1	1	1311	9	2	20	1239
13.118	1	1	1312	9	2	20	1239
13.128	1	1	1313	9	2	20	1239
13.137	1	1	1314	8	2	20	1239
13.147	1	1	1315	8	2	20	1239
13.157	1	1	1316	8	2	20	1239
13.167	1	1	1317	8	2	20	1239
13.177	1	1	1318	8	2	20	1239
13.186	1	1	1319	7	2	20	1239
13.196	1	1	1320	7	2	20	1239
13.206	1	1	1321	7	2	20	1239
13.216	1	1	1322	7	2	20	1239
13.225	1	1	1323	6	2	20	1239
13.235	1	1	1324	6	2	20	1239
13.245	1	1	1325	6	2	20	1239
13.255	1	1	1326	6	2	20	1239
13.265	1	1	1327	6	2	20	1239
13.274	1	1	1328	5	2	20	1239
13.284	1	1	1329	5	2	20	1239
13.294	1	1	1330	5	2	20	1239
13.304	1	1	1331	5	2	20	1239
13.314	1	1	1332	5	2	20	1239
13.323	1	1	1333	4	2	20	1239
13.333	1	1	1334	4	2	20	1239
13.343	1	1	1335	4	2	20	1239
13.353	1	1	1336	4	2	20	1239
13.363	1	1	1337	4	2	20	1239
13.372	1	1	1338	3	2	20	1239
13.382	1	1	1339	3	2	20	1239
13.392	1	1	1340	3	2	20	1239
13.402	1	1	1341	3	2	20	1239
13.412	1	1	1342	3	2	20	1239
13.421	1	1	1343	2	2	20	1239
13.431	1	1	1344	2	2	20	1239
13.441	1	1	1345	2	2	20	1239
13.451	1	1	1346	2	2	20	1239
13.461	1	1	1347	2	2	20	1239
13.47	1	1	1348	1	2	20	1239
13.48	1	1	1349	1	2	20	1239
13.49	1	1	1350	1	2	20	1239
13.5	1	1	1351	1	2	20	1239
13.51	1	1	1352	1	2	20	1239
13.519	1	1	1352	10	2	20	1239
13.529	1	1	1353	10	2	20	1239
13.539	1	1	1354	10	2	20	1239
13.549	1	1	1355	10	2	20	1239
13.559	1	1	1356	10	2	20	1239
13.566	1	1	1357	7	2	20	1239
13.568	1	1	1357	9	2	20	1239
13.579	1	1	1358	10	2	20	1239
13.589	1	1	1359	10	2	20	1239
13.598	1	1	1360	9	2	20	1239
13.608	1	1	1361	9	2	20	1239
13.618	1	1	1362	9	2	20	1239
13.628	1	1	1363	9	2	20	1239
13.638	1	1	1364	9	2	20	1239
13.647	1	1	1365	8	2	20	1239
13.657	1	1	1366	8	2	20	1239
13.667	1	1	1367	8	2	20	1239
13.677	1	1	1368	8	2	20	1239
13.687	1	1	1369	8	2	20	1239
13.696	1	1	1370	7	2	20	1239
13.706	1	1	1371	7	2	20	1239
13.716	1	1	1372	7	2	20	1239
13.726	1	1	1373	7	2	20	1239
13.735	1	1	1374	6	2	20	1239
13.745	1	1	1375	6	2	20	1239
13.755	1	1	1376	6	2	20	1239
13.765	1	1	1377	6	2	20	1239
13.775	1	1	1378	6	2	20	1239
13.784	1	1	1379	5	2	20	1239
13.794	1	1	1380	5	2	20	1239
13.804	1	1	1381	5	2	20	1239
13.814	1	1	1382	5	2	20	1239
13.824	1	1	1383	5	2	20	1239
13.833	1	1	1384	4	2	20	1239
13.843	1	1	1385	4	2	20	1239
13.853	1	1	1386	4	2	20	1239
13.863	1	1	1387	4	2	20	1239
13.873	1	1	1388	4	2	20	1239
13.882	1	1	1389	3	2	20	1239
13.892	1	1	1390	3	2	20	1239
13.902	1	1	1391	3	2	20	1239
13.912	1	1	1392	3	2	20	1239
13.922	1	1	1393	3	2	20	1239
13.931	1	1	1394	2	2	20	1239
13.941	1	1	1395	2	2	20	1239
13.951	1	1	1396	2	2	20	1239
13.961	1	1	1397	2	2	20	1239
13.971	1	1	1398	2	2	20	1239
13.98	1	1	1399	1	2	20	1239
13.99	1	1	1400	1	2	20	1239
14	1	1	1401	1	2	20	1239
14.01	1	1	1402	1	2	20	1239
14.02	1	1	1403	1	2	20	1239
14.029	1	1	1403	10	2	20	1239
14.039	1	1	1404	10	2	20	1239
14.046	1	1	1405	7	2	20	1239
14.049	1	1	1405	10	2	20	1239
14.059	1	1	1406	10	2	20	1239
14.069	1	1	1407	10	2	20	1239
14.079	1	1	1408	10	2	20	1239
14.089	1	1	1409	10	2	20	1239
14.099	1	1	1410	10	2	20	1239
14.108	1	1	1411	9	2	20	1239
14.118	1	1	1412	9	2	20	1239
14.128	1	1	1413	9	2	20	1239
14.138	1	1	1414	9	2	20	1239
14.148	1	1	1415	9	2	20	1239
14.157	1	1	1416	8	2	20	1239
14.167	1	1	1417	8	2	20	1239
14.177	1	1	1418	8	2	20	1239
14.187	1	1	1419	8	2	20	1239
14.197	1	1	1420	8	2	20	1239
14.206	1	1	1421	7	2	20	1239
14.216	1	1	1422	7	2	20	1239
14.226	1	1	1423	7	2	20	1239
14.236	1	1	1424	7	2	20	1239
14.245	1	1	1425	6	2	20	1239
14.255	1	1	1426	6	2	20	1239
14.265	1	1	1427	6	2	20	1239
14.275	1	1	1428	6	2	20	1239
14.285	1	1	1429	6	2	20	1239
14.294	1	1	1430	5	2	20	1239
14.304	1	1	1431	5	2	20	1239
14.314	1	1	1432	5	2	20	1239
14.324	1	1	1433	5	2	20	1239
14.334	1	1	1434	5	2	20	1239
14.343	1	1	1435	4	2	20	1239
14.353	1	1	1436	4	2	20	1239
14.363	1	1	1437	4	2	20	1239
14.373	1	1	1438	4	2	20	1239
14.383	1	1	1439	4	2	20	1239
14.392	1	1	1440	3	2	20	1239
14.402	1	1	1441	3	2	20	1239
14.412	1	1	1442	3	2	20	1239
14.422	1	1	1443	3	2	20	1239
14.432	1	1	1444	3	2	20	1239
14.441	1	1	1445	2	2	20	1239
14.451	1	1	1446	2	2	20	1239
14.461	1	1	1447	2	2	20	1239
14.471	1	1	1448	2	2	20	1239
14.481	1	1	1449	2	2	20	1239
14.49	1	1	1450	1	2	20	1239
14.5	1	1	1451	1	2	20	1239
14.51	1	1	1452	1	2	20	1239
14.52	1	1	1453	1	2	20	1239
14.526	1	1	1453	7	2	20	1239
14.53	1	1	1454	1	2	20	1239
14.54	1	1	1455	1	2	20	1239
14.55	1	1	1456	1	2	20	1239
14.56	1	1	1457	1	2	20	1239
14.569	1	1	1457	10	2	20	1239
14.579	1	1	1458	10	2	20	1239
14.589	1	1	1459	10	2	20	1239
14.599	1	1	1460	10	2	20	1239
14.609	1	1	1461	10	2	20	1239
14.618	1	1	1462	9	2	20	1239
14.628	1	1	1463	9	2	20	1239
14.638	1	1	1464	9	2	20	1239
14.648	1	1	1465	9	2	20	1239
14.658	1	1	1466	9	2	20	1239
14.667	1	1	1467	8	2	20	1239
14.677	1	1	1468	8	2	20	1239
14.687	1	1	1469	8	2	20	1239
14.697	1	1	1470	8	2	20	1239
14.707	1	1	1471	8	2	20	1239
14.716	1	1	1472	7	2	20	1239
14.726	1	1	1473	7	2	20	1239
14.736	1	1	1474	7	2	20	1239
14.746	1	1	1475	7	2	20	1239
14.755	1	1	1476	6	2	20	1239
14.765	1	1	1477	6	2	20	1239
14.775	1	1	1478	6	2	20	1239
14.785	1	1	1479	6	2	20	1239
14.795	1	1	1480	6	2	20	1239
14.804	1	1	1481	5	2	20	1239
14.814	1	1	1482	5	2	20	1239
14.824	1	1	1483	5	2	20	1239
14.834	1	1	1484	5	2	20	1239
14.844	1	1	1485	5	2	20	1239
14.853	1	1	1486	4	2	20	1239
14.863	1	1	1487	4	2	20	1239
14.873	1	1	1488	4	2	20	1239
14.883	1	1	1489	4	2	20	1239
14.893	1	1	1490	4	2	20	1239
14.902	1	1	1491	3	2	20	1239
14.912	1	1	1492	3	2	20	1239
14.922	1	1	1493	3	2	20	1239
14.932	1	1	1494	3	2	20	1239
14.942	1	1	1495	3	2	20	1239
14.951	1	1	1496	2	2	20	1239
14.961	1	1	1497	2	2	20	1239
14.971	1	1	1498	2	2	20	1239
14.981	1	1	1499	2	2	20	1239
14.991	1	1	1500	2	2	20	1239
15	1	1	1501	1	2	20	1239
15.006	1	1	1501	7	2	20	1239
15.01	1	1	1502	1	2	20	1239
15.021	1	1	1503	2	2	20	1239
15.03	1	1	1504	1	2	20	1239
15.04	1	1	1505	1	2	20	1239
15.05	1	1	1506	1	2	20	1239
15.06	1	1	1507	1	2	20	1239
15.07	1	1	1508	1	2	20	1239
15.079	1	1	1508	10	2	20	1239
15.089	1	1	1509	10	2	20	1239
15.099	1	1	1510	10	2	20	1239
15.109	1	1	1511	10	2	20	1239
15.119	1	1	1512	10	2	20	1239
15.128	1	1	1513	9	2	20	1239
15.138	1	1	1514	9	2	20	1239
15.148	1	1	1515	9	2	20	1239
15.158	1	1	1516	9	2	20	1239
15.168	1	1	1517	9	2	20	1239
15.177	1	1	1518	8	2	20	1239
15.187	1	1	1519	8	2	20	1239
15.197	1	1	1520	8	2	20	1239
15.207	1	1	1521	8	2	20	1239
15.217	1	1	1522	8	2	20	1239
15.226	1	1	1523	7	2	20	1239
15.236	1	1	1524	7	2	20	1239
15.246	1	1	1525	7	2	20	1239
15.256	1	1	1526	7	2	20	1239
15.265	1	1	1527	6	2	20	1239
15.275	1	1	1528	6	2	20	1239
15.285	1	1	1529	6	2	20	1239
15.295	1	1	1530	6	2	20	1239
15.305	1	1	1531	6	2	20	1239
15.314	1	1	1532	5	2	20	1239
15.324	1	1	1533	5	2	20	1239
15.334	1	1	1534	5	2	20	1239
15.344	1	1	1535	5	2	20	1239
15.354	1	1	1536	5	2	20	1239
15.363	1	1	1537	4	2	20	1239
15.373	1	1	1538	4	2	20	1239
15.383	1	1	1539	4	2	20	1239
15.393	1	1	1540	4	2	20	1239
15.403	1	1	1541	4	2	20	1239
15.412	1	1	1542	3	2	20	1239
15.422	1	1	1543	3	2	20	1239
15.432	1	1	1544	3	2	20	1239
15.442	1	1	1545	3	2	20	1239
15.452	1	1	1546	3	2	20	1239
15.461	1	1	1547	2	2	20	1239
15.471	1	1	1548	2	2	20	1239
15.481	1	1	1549	2	2	20	1239
15.486	1	1	1549	7	2	20	1239
15.491	1	1	1550	2	2	20	1239
15.501	1	1	1551	2	2	20	1239
15.511	1	1	1552	2	2	20	1239
15.521	1	1	1553	2	2	20	1239
15.531	1	1	1554	2	2	20	1239
15.54	1	1	1555	1	2	20	1239
15.55	1	1	1556	1	2	20	1239
15.56	1	1	1557	1	2	20	1239
15.57	1	1	1558	1	2	20	1239
15.58	1	1	1559	1	2	20	1239
15.589	1	1	1559	10	2	20	1239
15.599	1	1	1560	10	2	20	1239
15.609	1	1	1561	10	2	20	1239
15.619	1	1	1562	10	2	20	1239
15.629	1	1	1563	10	2	20	1239
15.638	1	1	1564	9	2	20	1239
15.648	1	1	1565	9	2	20	1239
15.658	1	1	1566	9	2	20	1239
15.668	1	1	1567	9	2	20	1239
15.678	1	1	1568	9	2	20	1239
15.687	1	1	1569	8	2	20	1239
15.697	1	1	1570	8	2	20	1239
15.707	1	1	1571	8	2	20	1239
15.717	1	1	1572	8	2	20	1239
15.727	1	1	1573	8	2	20	1239
15.736	1	1	1574	7	2	20	1239
15.746	1	1	1575	7	2	20	1239
15.756	1	1	1576	7	2	20	1239
15.766	1	1	1577	7	2	20	1239
15.775	1	1	1578	6	2	20	1239
15.785	1	1	1579	6	2	20	1239
15.795	1	1	1580	6	2	20	1239
15.805	1	1	1581	6	2	20	1239
15.815	1	1	1582	6	2	20	1239
15.824	1	1	1583	5	2	20	1239
15.834	1	1	1584	5	2	20	1239
15.844	1	1	1585	5	2	20	1239
15.854	1	1	1586	5	2	20	1239
15.864	1	1	1587	5	2	20	1239
15.873	1	1	1588	4	2	20	1239
15.883	1	1	1589	4	2	20	1239
15.893	1	1	1590	4	2	20	1239
15.903	1	1	1591	4	2	20	1239
15.913	1	1	1592	4	2	20	1239
15.922	1	1	1593	3	2	20	1239
15.932	1	1	1594	3	2	20	1239
15.942	1	1	1595	3	2	20	1239
15.952	1	1	1596	3	2	20	1239
15.962	1	1	1597	3	2	20	1239
15.966	1	1	1597	7	2	20	1239
15.971	1	1	1598	2	2	20	1239
15.982	1	1	1599	3	2	20	1239
15.992	1	1	1600	3	2	20	1239
16.001	1	1	1601	2	2	20	1239
16.011	1	1	1602	2	2	20	1239
16.021	1	1	1603	2	2	20	1239
16.031	1	1	1604	2	2	20	1239
16.041	1	1	1605	2	2	20	1239
16.05	1	1	1606	1	2	20	1239
16.06	1	1	1607	1	2	20	1239
16.07	1	1	1608	1	2	20	1239
16.08	1	1	1609	1	2	20	1239
16.09	1	1	1610	1	2	20	1239
16.099	1	1	1610	10	2	20	1239
16.109	1	1	1611	10	2	20	1239
16.119	1	1	1612	10	2	20	1239
16.129	1	1	1613	10	2	20	1239
16.139	1	1	1614	10	2	20	1239
16.148	1	1	1615	9	2	20	1239
16.158	1	1	1616	9	2	20	1239
16.168	1	1	1617	9	2	20	1239
16.178	1	1	1618	9	2	20	1239
16.188	1	1	1619	9	2	20	1239
16.197	1	1	1620	8	2	20	1239
16.207	1	1	1621	8	2	20	1239
16.217	1	1	1622	8	2	20	1239
16.227	1	1	1623	8	2	20	1239
16.237	1	1	1624	8	2	20	1239
16.246	1	1	1625	7	2	20	1239
16.256	1	1	1626	7	2	20	1239
16.266	1	1	1627	7	2	20	1239
16.276	1	1	1628	7	2	20	1239
16.285	1	1	1629	6	2	20	1239
16.295	1	1	1630	6	2	20	1239
16.305	1	1	1631	6	2	20	1239
16.315	1	1	1632	6	2	20	1239
16.325	1	1	1633	6	2	20	1239
16.334	1	1	1634	5	2	20	1239
16.344	1	1	1635	5	2	20	1239
16.354	1	1	1636	5	2	20	1239
16.364	1	1	1637	5	2	20	1239
16.374	1	1	1638	5	2	20	1239
16.383	1	1	1639	4	2	20	1239
16.393	1	1	1640	4	2	20	1239
16.403	1	1	1641	4	2	20	1239
16.413	1	1	1642	4	2	20	1239
16.423	1	1	1643	4	2	20	1239
16.432	1	1	1644	3	2	20	1239
16.442	1	1	1645	3	2	20	1239
16.446	1	1	1645	7	2	20	1239
16.452	1	1	1646	3	2	20	1239
16.462	1	1	1647	3	2	20	1239
16.472	1	1	1648	3	2	20	1239
16.482	1	1	1649	3	2	20	1239
16.492	1	1	1650	3	2	20	1239
16.502	1	1	1651	3	2	20	1239
16.511	1	1	1652	2	2	20	1239
16.521	1	1	1653	2	2	20	1239
16.531	1	1	1654	2	2	20	1239
16.541	1	1	1655	2	2	20	1239
16.551	1	1	1656	2	2	20	1239
16.56	1	1	1657	1	2	20	1239
16.57	1	1	1658	1	2	20	1239
16.58	1	1	1659	1	2	20	1239
16.59	1	1	1660	1	2	20	1239
16.6	1	1	1661	1	2	20	1239
16.609	1	1	1661	10	2	20	1239
16.619	1	1	1662	10	2	20	1239
16.629	1	1	1663	10	2	20	1239
16.639	1	1	1664	10	2	20	1239
16.649	1	1	1665	10	2	20	1239
16.658	1	1	1666	9	2	20	1239
16.668	1	1	1667	9	2	20	1239
16.678	1	1	1668	9	2	20	1239
16.688	1	1	1669	9	2	20	1239
16.698	1	1	1670	9	2	20	1239
16.707	1	1	1671	8	2	20	1239
16.717	1	1	1672	8	2	20	1239
16.727	1	1	1673	8	2	20	1239
16.737	1	1	1674	8	2	20	1239
16.747	1	1	1675	8	2	20	1239
16.756	1	1	1676	7	2	20	1239
16.766	1	1	1677	7	2	20	1239
16.776	1	1	1678	7	2	20	1239
16.786	1	1	1679	7	2	20	1239
16.795	1	1	1680	6	2	20	1239
16.805	1	1	1681	6	2	20	1239
16.815	1	1	1682	6	2	20	1239
16.825	1	1	1683	6	2	20	1239
16.835	1	1	1684	6	2	20	1239
16.844	1	1	1685	5	2	20	1239
16.854	1	1	1686	5	2	20	1239
16.864	1	1	1687	5	2	20	1239
16.874	1	1	1688	5	2	20	1239
16.884	1	1	1689	5	2	20	1239
16.893	1	1	1690	4	2	20	1239
16.903	1	1	1691	4	2	20	1239
16.913	1	1	1692	4	2	20	1239
16.923	1	1	1693	4	2	20	1239
16.926	1	1	1693	7	2	20	1239
16.933	1	1	1694	4	2	20	1239
16.943	1	1	1695	4	2	20	1239
16.953	1	1	1696	4	2	20	1239
16.963	1	1	1697	4	2	20	1239
16.972	1	1	1698	3	2	20	1239
16.982	1	1	1699	3	2	20	1239
16.992	1	1	1700	3	2	20	1239
17.002	1	1	1701	3	2	20	1239
17.012	1	1	1702	3	2	20	1239
17.021	1	1	1703	2	2	20	1239
17.031	1	1	1704	2	2	20	1239
17.041	1	1	1705	2	2	20	1239
17.051	1	1	1706	2	2	20	1239
17.061	1	1	1707	2	2	20	1239
17.07	1	1	1708	1	2	20	1239
17.08	1	1	1709	1	2	20	1239
17.09	1	1	1710	1	2	20	1239
17.1	1	1	1711	1	2	20	1239
17.11	1	1	1712	1	2	20	1239
17.119	1	1	1712	10	2	20	1239
17.129	1	1	1713	10	2	20	1239
17.139	1	1	1714	10	2	20	1239
17.149	1	1	1715	10	2	20	1239
17.159	1	1	1716	10	2	20	1239
17.168	1	1	1717	9	2	20	1239
17.178	1	1	1718	9	2	20	1239
17.188	1	1	1719	9	2	20	1239
17.198	1	1	1720	9	2	20	1239
17.208	1	1	1721	9	2	20	1239
17.217	1	1	1722	8	2	20	1239
17.227	1	1	1723	8	2	20	1239
17.237	1	1	1724	8	2	20	1239
17.247	1	1	1725	8	2	20	1239
17.257	1	1	1726	8	2	20	1239
17.266	1	1	1727	7	2	20	1239
17.276	1	1	1728	7	2	20	1239
17.286	1	1	1729	7	2	20	1239
17.296	1	1	1730	7	2	20	1239
17.305	1	1	1731	6	2	20	1239
17.315	1	1	1732	6	2	20	1239
17.325	1	1	1733	6	2	20	1239
17.335	1	1	1734	6	2	20	1239
17.345	1	1	1735	6	2	20	1239
17.354	1	1	1736	5	2	20	1239
17.364	1	1	1737	5	2	20	1239
17.374	1	1	1738	5	2	20	1239
17.384	1	1	1739	5	2	20	1239
17.394	1	1	1740	5	2	20	1239
17.403	1	1	1741	4	2	20	1239
17.406	1	1	1741	7	2	20	1239
17.413	1	1	1742	4	2	20	1239
17.424	1	1	1743	5	2	20	1239
17.433	1	1	1744	4	2	20	1239
17.443	1	1	1745	4	2	20	1239
17.453	1	1	1746	4	2	20	1239
17.463	1	1	1747	4	2	20	1239
17.473	1	1	1748	4	2	20	1239
17.482	1	1	1749	3	2	20	1239
17.492	1	1	1750	3	2	20	1239
17.502	1	1	1751	3	2	20	1239
17.512	1	1	1752	3	2	20	1239
17.522	1	1	1753	3	2	20	1239
17.531	1	1	1754	2	2	20	1239
17.541	1	1	1755	2	2	20	1239
17.551	1	1	1756	2	2	20	1239
17.561	1	1	1757	2	2	20	1239
17.571	1	1	1758	2	2	20	1239
17.58	1	1	1759	1	2	20	1239
17.59	1	1	1760	1	2	20	1239
17.6	1	1	1761	1	2	20	1239
17.61	1	1	1762	1	2	20	1239
17.62	1	1	1763	1	2	20	1239
17.629	1	1	1763	10	2	20	1239
17.639	1	1	1764	10	2	20	1239
17.649	1	1	1765	10	2	20	1239
17.659	1	1	1766	10	2	20	1239
17.669	1	1	1767	10	2	20	1239
17.678	1	1	1768	9	2	20	1239
17.688	1	1	1769	9	2	20	1239
17.698	1	1	1770	9	2	20	1239
17.708	1	1	1771	9	2	20	1239
17.718	1	1	1772	9	2	20	1239
17.727	1	1	1773	8	2	20	1239
17.737	1	1	1774	8	2	20	1239
17.747	1	1	1775	8	2	20	1239
17.757	1	1	1776	8	2	20	1239
17.767	1	1	1777	8	2	20	1239
17.776	1	1	1778	7	2	20	1239
17.786	1	1	1779	7	2	20	1239
17.796	1	1	1780	7	2	20	1239
17.806	1	1	1781	7	2	20	1239
17.815	1	1	1782	6	2	20	1239
17.825	1	1	1783	6	2	20	1239
17.835	1	1	1784	6	2	20	1239
17.845	1	1	1785	6	2	20	1239
17.855	1	1	1786	6	2	20	1239
17.864	1	1	1787	5	2	20	1239
17.874	1	1	1788	5	2	20	1239
17.884	1	1	1789	5	2	20	1239
17.886	1	1	1789	7	2	20	1239
17.894	1	1	1790	5	2	20	1239
17.904	1	1	1791	5	2	20	1239
17.914	1	1	1792	5	2	20	1239
17.924	1	1	1793	5	2	20	1239
17.934	1	1	1794	5	2	20	1239
17.943	1	1	1795	4	2	20	1239
17.953	1	1	1796	4	2	20	1239
17.963	1	1	1797	4	2	20	1239
17.973	1	1	1798	4	2	20	1239
17.983	1	1	1799	4	2	20	1239
17.992	1	1	1800	3	2	20	1239
18.002	1	1	1801	3	2	20	1239
18.012	1	1	1802	3	2	20	1239
18.022	1	1	1803	3	2	20	1239
18.032	1	1	1804	3	2	20	1239
18.041	1	1	1805	2	2	20	1239
18.051	1	1	1806	2	2	20	1239
18.061	1	1	1807	2	2	20	1239
18.071	1	1	1808	2	2	20	1239
18.081	1	1	1809	2	2	20	1239
18.09	1	1	1810	1	2	20	1239
18.1	1	1	1811	1	2	20	1239
18.11	1	1	1812	1	2	20	1239
18.12	1	1	1813	1	2	20	1239
18.13	1	1	1814	1	2	20	1239
18.139	1	1	1814	10	2	20	1239
18.149	1	1	1815	10	2	20	1239
18.159	1	1	1816	10	2	20	1239
18.169	1	1	1817	10	2	20	1239
18.179	1	1	1818	10	2	20	1239
18.188	1	1	1819	9	2	20	1239
18.198	1	1	1820	9	2	20	1239
18.208	1	1	1821	9	2	20	1239
18.218	1	1	1822	9	2	20	1239
18.228	1	1	1823	9	2	20	1239
18.237	1	1	1824	8	2	20	1239
18.247	1	1	1825	8	2	20	1239
18.257	1	1	1826	8	2	20	1239
18.267	1	1	1827	8	2	20	1239
18.277	1	1	1828	8	2	20	1239
18.286	1	1	1829	7	2	20	1239
18.296	1	1	1830	7	2	20	1239
18.306	1	1	1831	7	2	20	1239
18.316	1	1	1832	7	2	20	1239
18.325	1	1	1833	6	2	20	1239
18.335	1	1	1834	6	2	20	1239
18.345	1	1	1835	6	2	20	1239
18.355	1	1	1836	6	2	20	1239
18.365	1	1	1837	6	2	20	1239
18.366	1	1	1837	7	2	20	1239
18.374	1	1	1838	5	2	20	1239
18.385	1	1	1839	6	2	20	1239
18.395	1	1	1840	6	2	20	1239
18.404	1	1	1841	5	2	20	1239
18.414	1	1	1842	5	2	20	1239
18.424	1	1	1843	5	2	20	1239
18.434	1	1	1844	5	2	20	1239
18.444	1	1	1845	5	2	20	1239
18.453	1	1	1846	4	2	20	1239
18.463	1	1	1847	4	2	20	1239
18.473	1	1	1848	4	2	20	1239
18.483	1	1	1849	4	2	20	1239
18.493	1	1	1850	4	2	20	1239
18.502	1	1	1851	3	2	20	1239
18.512	1	1	1852	3	2	20	1239
18.522	1	1	1853	3	2	20	1239
18.532	1	1	1854	3	2	20	1239
18.542	1	1	1855	3	2	20	1239
18.551	1	1	1856	2	2	20	1239
18.561	1	1	1857	2	2	20	1239
18.571	1	1	1858	2	2	20	1239
18.581	1	1	1859	2	2	20	1239
18.591	1	1	1860	2	2	20	1239
18.6	1	1	1861	1	2	20	1239
18.61	1	1	1862	1	2	20	1239
18.62	1	1	1863	1	2	20	1239
18.63	1	1	1864	1	2	20	1239
18.64	1	1	1865	1	2	20	1239
18.649	1	1	1865	10	2	20	1239
18.659	1	1	1866	10	2	20	1239
18.669	1	1	1867	10	2	20	1239
18.679	1	1	1868	10	2	20	1239
18.689	1	1	1869	10	2	20	1239
18.698	1	1	1870	9	2	20	1239
18.708	1	1	1871	9	2	20	1239
18.718	1	1	1872	9	2	20	1239
18.728	1	1	1873	9	2	20	1239
18.738	1	1	1874	9	2	20	1239
18.747	1	1	1875	8	2	20	1239
18.757	1	1	1876	8	2	20	1239
18.767	1	1	1877	8	2	20	1239
18.777	1	1	1878	8	2	20	1239
18.787	1	1	1879	8	2	20	1239
18.796	1	1	1880	7	2	20	1239
18.806	1	1	1881	7	2	20	1239
18.816	1	1	1882	7	2	20	1239
18.826	1	1	1883	7	2	20	1239
18.835	1	1	1884	6	2	20	1239
18.845	1	1	1885	6	2	20	1239
18.846	1	1	1885	7	2	20	1239
18.855	1	1	1886	6	2	20	1239
18.865	1	1	1887	6	2	20	1239
18.875	1	1	1888	6	2	20	1239
18.885	1	1	1889	6	2	20	1239
18.895	1	1	1890	6	2	20	1239
18.905	1	1	1891	6	2	20	1239
18.914	1	1	1892	5	2	20	1239
18.924	1	1	1893	5	2	20	1239
18.934	1	1	1894	5	2	20	1239
18.944	1	1	1895	5	2	20	1239
18.954	1	1	1896	5	2	20	1239
18.963	1	1	1897	4	2	20	1239
18.973	1	1	1898	4	2	20	1239
18.983	1	1	1899	4	2	20	1239
18.993	1	1	1900	4	2	20	1239
19.003	1	1	1901	4	2	20	1239
19.012	1	1	1902	3	2	20	1239
19.022	1	1	1903	3	2	20	1239
19.032	1	1	1904	3	2	20	1239
19.042	1	1	1905	3	2	20	1239
19.052	1	1	1906	3	2	20	1239
19.061	1	1	1907	2	2	20	1239
19.066	1	1	1907	7	2	20	1239
19.071	1	1	1908	2	2	20	1239
19.076	1	1	1908	7	2	20	1239
19.081	1	1	1909	2	2	20	1239
19.086	1	1	1909	7	2	20	1239
19.091	1	1	1910	2	2	20	1239
19.096	1	1	1910	7	2	20	1239
19.101	1	1	1911	2	2	20	1239
19.105	1	1	1911	6	2	20	1239
19.11	1	1	1912	1	2	20	1239
19.115	1	1	1912	6	2	20	1239
19.12	1	1	1913	1	2	20	1239
19.125	1	1	1913	6	2	20	1239
19.13	1	1	1914	1	2	20	1239
19.135	1	1	1914	6	2	20	1239
19.14	1	1	1915	1	2	20	1239
19.145	1	1	1915	6	2	20	1239
19.15	1	1	1916	1	2	20	1239
19.154	1	1	1916	5	2	20	1239
19.159	1	1	1916	10	2	20	1239
19.164	1	1	1917	5	2	20	1239
19.169	1	1	1917	10	2	20	1239
19.174	1	1	1918	5	2	20	1239
19.179	1	1	1918	10	2	20	1239
19.184	1	1	1919	5	2	20	1239
19.189	1	1	1919	10	2	20	1239
19.194	1	1	1920	5	2	20	1239
19.199	1	1	1920	10	2	20	1239
19.203	1	1	1921	4	2	20	1239
19.208	1	1	1921	9	2	20	1239
19.213	1	1	1922	4	2	20	1239
19.218	1	1	1922	9	2	20	1239
19.223	1	1	1923	4	2	20	1239
19.228	1	1	1923	9	2	20	1239
19.233	1	1	1924	4	2	20	1239
19.238	1	1	1924	9	2	20	1239
19.243	1	1	1925	4	2	20	1239
19.248	1	1	1925	9	2	20	1239
19.252	1	1	1926	3	2	20	1239
19.257	1	1	1926	8	2	20	1239
19.262	1	1	1927	3	2	20	1239
19.267	1	1	1927	8	2	20	1239
19.272	1	1	1928	3	2	20	1239
19.277	1	1	1928	8	2	20	1239
19.282	1	1	1929	3	2	20	1239
19.287	1	1	1929	8	2	20	1239
19.292	1	1	1930	3	2	20	1239
19.297	1	1	1930	8	2	20	1239
19.301	1	1	1931	2	2	20	1239
19.306	1	1	1931	7	2	20	1239
19.311	1	1	1932	2	2	20	1239
19.316	1	1	1932	7	2	20	1239
19.321	1	1	1933	2	2	20	1239
19.326	1	1	1933	7	2	20	1239
19.331	1	1	1934	2	2	20	1239
19.336	1	1	1934	7	2	20	1239
19.341	1	1	1935	2	2	20	1239
19.346	1	1	1935	7	2	20	1239
19.351	1	1	1936	2	2	20	1239
19.356	1	1	1936	7	2	20	1239
19.361	1	1	1937	2	2	20	1239
19.366	1	1	1937	7	2	20	1239
19.37	1	1	1938	1	2	20	1239
19.375	1	1	1938	6	2	20	1239
19.38	1	1	1939	1	2	20	1239
19.385	1	1	1939	6	2	20	1239
19.39	1	1	1940	1	2	20	1239
19.395	1	1	1940	6	2	20	1239
19.4	1	1	1941	1	2	20	1239
19.405	1	1	1941	6	2	20	1239
19.41	1	1	1942	1	2	20	1239
19.415	1	1	1942	6	2	20	1239
19.419	1	1	1942	10	2	20	1239
19.424	1	1	1943	5	2	20	1239
19.429	1	1	1943	10	2	20	1239
19.434	1	1	1944	5	2	20	1239
19.439	1	1	1944	10	2	20	1239
19.444	1	1	1945	5	2	20	1239
19.449	1	1	1945	10	2	20	1239
19.454	1	1	1946	5	2	20	1239
19.459	1	1	1946	10	2	20	1239
19.464	1	1	1947	5	2	20	1239
19.468	1	1	1947	9	2	20	1239
19.473	1	1	1948	4	2	20	1239
19.478	1	1	1948	9	2	20	1239
19.483	1	1	1949	4	2	20	1239
19.488	1	1	1949	9	2	20	1239
19.493	1	1	1950	4	2	20	1239
19.498	1	1	1950	9	2	20	1239
19.503	1	1	1951	4	2	20	1239
19.508	1	1	1951	9	2	20	1239
19.513	1	1	1952	4	2	20	1239
19.517	1	1	1952	8	2	20	1239
19.522	1	1	1953	3	2	20	1239
19.527	1	1	1953	8	2	20	1239
19.532	1	1	1954	3	2	20	1239
19.537	1	1	1954	8	2	20	1239
19.542	1	1	1955	3	2	20	1239
19.547	1	1	1955	8	2	20	1239
19.552	1	1	1956	3	2	20	1239
19.557	1	1	1956	8	2	20	1239
19.562	1	1	1957	3	2	20	1239
19.566	1	1	1957	7	2	20	1239
19.571	1	1	1958	2	2	20	1239
19.576	1	1	1958	7	2	20	1239
19.581	1	1	1959	2	2	20	1239
19.586	1	1	1959	7	2	20	1239
19.591	1	1	1960	2	2	20	1239
19.596	1	1	1960	7	2	20	1239
19.601	1	1	1961	2	2	20	1239
19.606	1	1	1961	7	2	20	1239
19.611	1	1	1962	2	2	20	1239
19.615	1	1	1962	6	2	20	1239
19.62	1	1	1963	1	2	20	1239
19.625	1	1	1963	6	2	20	1239
19.63	1	1	1964	1	2	20	1239
19.635	1	1	1964	6	2	20	1239
19.64	1	1	1965	1	2	20	1239
19.645	1	1	1965	6	2	20	1239
19.65	1	1	1966	1	2	20	1239
19.655	1	1	1966	6	2	20	1239
19.66	1	1	1967	1	2	20	1239
19.664	1	1	1967	5	2	20	1239
19.669	1	1	1967	10	2	20	1239
19.674	1	1	1968	5	2	20	1239
19.679	1	1	1968	10	2	20	1239
19.684	1	1	1969	5	2	20	1239
19.689	1	1	1969	10	2	20	1239
19.694	1	1	1970	5	2	20	1239
19.699	1	1	1970	10	2	20	1239
19.704	1	1	1971	5	2	20	1239
19.709	1	1	1971	10	2	20	1239
19.713	1	1	1972	4	2	20	1239
19.718	1	1	1972	9	2	20	1239
19.723	1	1	1973	4	2	20	1239
19.728	1	1	1973	9	2	20	1239
19.733	1	1	1974	4	2	20	1239
19.738	1	1	1974	9	2	20	1239
19.743	1	1	1975	4	2	20	1239
19.748	1	1	1975	9	2	20	1239
19.753	1	1	1976	4	2	20	1239
19.758	1	1	1976	9	2	20	1239
19.762	1	1	1977	3	2	20	1239
19.767	1	1	1977	8	2	20	1239
19.772	1	1	1978	3	2	20	1239
19.777	1	1	1978	8	2	20	1239
19.782	1	1	1979	3	2	20	1239
19.787	1	1	1979	8	2	20	1239
19.792	1	1	1980	3	2	20	1239
19.797	1	1	1980	8	2	20	1239
19.802	1	1	1981	3	2	20	1239
19.806	1	1	1981	7	2	20	1239
19.807	1	1	1981	8	2	20	1239
19.811	1	1	1982	2	2	20	1239
19.816	1	1	1982	7	2	20	1239
19.822	1	1	1983	3	2	20	1239
19.827	1	1	1983	8	2	20	1239
19.832	1	1	1984	3	2	20	1239
19.836	1	1	1984	7	2	20	1239
19.841	1	1	1985	2	2	20	1239
19.846	1	1	1985	7	2	20	1239
19.851	1	1	1986	2	2	20	1239
19.856	1	1	1986	7	2	20	1239
19.861	1	1	1987	2	2	20	1239
19.866	1	1	1987	7	2	20	1239
19.871	1	1	1988	2	2	20	1239
19.876	1	1	1988	7	2	20	1239
19.88	1	1	1989	1	2	20	1239
19.885	1	1	1989	6	2	20	1239
19.89	1	1	1990	1	2	20	1239
19.895	1	1	1990	6	2	20	1239
19.9	1	1	1991	1	2	20	1239
19.905	1	1	1991	6	2	20	1239
19.91	1	1	1992	1	2	20	1239
19.915	1	1	1992	6	2	20	1239
19.92	1	1	1993	1	2	20	1239
19.925	1	1	1993	6	2	20	1239
19.929	1	1	1993	10	2	20	1239
19.934	1	1	1994	5	2	20	1239
19.939	1	1	1994	10	2	20	1239
19.944	1	1	1995	5	2	20	1239
19.949	1	1	1995	10	2	20	1239
19.954	1	1	1996	5	2	20	1239
19.959	1	1	1996	10	2	20	1239
19.964	1	1	1997	5	2	20	1239
19.969	1	1	1997	10	2	20	1239
19.974	1	1	1998	5	2	20	1239
19.978	1	1	1998	9	2	20	1239
19.983	1	1	1999	4	2	20	1239
19.988	1	1	1999	9	2	20	1239
19.993	1	1	2000	4	2	20	1239
19.998	1	1	2000	9	2	20	1239
20.003	1	1	2001	4	2	20	1239
20.008	1	1	2001	9	2	20	1239
20.013	1	1	2002	4	2	20	1239
20.018	1	1	2002	9	2	20	1239
20.023	1	1	2003	4	2	20	1239
20.027	1	1	2003	8	2	20	1239
20.032	1	1	2004	3	2	20	1239
20.037	1	1	2004	8	2	20	1239
20.042	1	1	2005	3	2	20	1239
20.051	2	1	2006	2	2	0	85
20.067	2	1	2007	8	2	20	1239
20.071	2	1	2008	2	2	20	1239
20.076	2	1	2008	7	2	20	1239
20.081	2	1	2009	2	2	20	1239
20.087	2	1	2009	8	2	20	1239
20.092	2	1	2010	3	2	20	1239
20.096	2	1	2010	7	2	20	1239
20.101	2	1	2011	2	2	20	1239
20.106	2	1	2011	7	2	20	1239
20.111	2	1	2012	2	2	20	1239
20.116	2	1	2012	7	2	20	1239
20.121	2	1	2013	2	2	20	1239
20.126	2	1	2013	7	2	20	1239
20.131	2	1	2014	2	2	20	1239
20.136	2	1	2014	7	2	20	1239
20.14	2	1	2015	1	2	20	1239
20.145	2	1	2015	6	2	20	1239
20.15	2	1	2016	1	2	20	1239
20.155	2	1	2016	6	2	20	1239
20.16	2	1	2017	1	2	20	1239
20.165	2	1	2017	6	2	20	1239
20.17	2	1	2018	1	2	20	1239
20.175	2	1	2018	6	2	20	1239
20.18	2	1	2019	1	2	20	1239
20.185	2	1	2019	6	2	20	1239
20.189	2	1	2019	10	2	20	1239
20.194	2	1	2020	5	2	20	1239
20.199	2	1	2020	10	2	20	1239
20.204	2	1	2021	5	2	20	1239
20.206	2	1	2021	7	2	20	1239
20.209	2	1	2021	10	2	20	1239
20.214	2	1	2022	5	2	20	1239
20.219	2	1	2022	10	2	20	1239
20.224	2	1	2023	5	2	20	1239
20.229	2	1	2023	10	2	20	1239
20.234	2	1	2024	5	2	20	1239
20.239	2	1	2024	10	2	20	1239
20.244	2	1	2025	5	2	20	1239
20.249	2	1	2025	10	2	20	1239
20.254	2	1	2026	5	2	20	1239
20.259	2	1	2026	10	2	20	1239
20.263	2	1	2027	4	2	20	1239
20.268	2	1	2027	9	2	20	1239
20.273	2	1	2028	4	2	20	1239
20.278	2	1	2028	9	2	20	1239
20.283	2	1	2029	4	2	20	1239
20.288	2	1	2029	9	2	20	1239
20.293	2	1	2030	4	2	20	1239
20.298	2	1	2030	9	2	20	1239
20.303	2	1	2031	4	2	20	1239
20.308	2	1	2031	9	2	20	1239
20.312	2	1	2032	3	2	20	1239
20.317	2	1	2032	8	2	20	1239
20.322	2	1	2033	3	2	20	1239
20.327	2	1	2033	8	2	20	1239
20.332	2	1	2034	3	2	20	1239
20.337	2	1	2034	8	2	20	1239
20.342	2	1	2035	3	2	20	1239
20.347	2	1	2035	8	2	20	1239
20.352	2	1	2036	3	2	20	1239
20.357	2	1	2036	8	2	20	1239
20.361	2	1	2037	2	2	20	1239
20.366	2	1	2037	7	2	20	1239
20.371	2	1	2038	2	2	20	1239
20.376	2	1	2038	7	2	20	1239
20.381	2	1	2039	2	2	20	1239
20.386	2	1	2039	7	2	20	1239
20.391	2	1	2040	2	2	20	1239
20.396	2	1	2040	7	2	20	1239
20.401	2	1	2041	2	2	20	1239
20.406	2	1	2041	7	2	20	1239
20.41	2	1	2042	1	2	20	1239
20.415	2	1	2042	6	2	20	1239
20.42	2	1	2043	1	2	20	1239
20.425	2	1	2043	6	2	20	1239
20.43	2	1	2044	1	2	20	1239
20.435	2	1	2044	6	2	20	1239
20.44	2	1	2045	1	2	20	1239
20.445	2	1	2045	6	2	20	1239
20.45	2	1	2046	1	2	20	1239
20.455	2	1	2046	6	2	20	1239
20.459	2	1	2046	10	2	20	1239
20.464	2	1	2047	5	2	20	1239
20.469	2	1	2047	10	2	20	1239
20.474	2	1	2048	5	2	20	1239
20.479	2	1	2048	10	2	20	1239
20.484	2	1	2049	5	2	20	1239
20.489	2	1	2049	10	2	20	1239
20.494	2	1	2050	5	2	20	1239
20.499	2	1	2050	10	2	20	1239
20.504	2	1	2051	5	2	20	1239
20.508	2	1	2051	9	2	20	1239
20.513	2	1	2052	4	2	20	1239
20.518	2	1	2052	9	2	20	1239
20.523	2	1	2053	4	2	20	1239
20.528	2	1	2053	9	2	20	1239
20.533	2	1	2054	4	2	20	1239
20.543	2	1	2055	4	2	20	1239
20.553	2	1	2056	4	2	20	1239
20.562	2	1	2057	3	2	20	1239
20.572	2	1	2058	3	2	20	1239
20.582	2	1	2059	3	2	20	1239
20.592	2	1	2060	3	2	20	1239
20.602	2	1	2061	3	2	20	1239
20.611	2	1	2062	2	2	20	1239
20.621	2	1	2063	2	2	20	1239
20.631	2	1	2064	2	2	20	1239
20.641	2	1	2065	2	2	20	1239
20.65	2	1	2066	1	2	20	1239
20.66	2	1	2067	1	2	20	1239
20.67	2	1	2068	1	2	20	1239
20.68	2	1	2069	1	2	20	1239
20.686	2	1	2069	7	2	20	1239
20.69	2	1	2070	1	2	20	1239
20.7	2	1	2071	1	2	20	1239
20.71	2	1	2072	1	2	20	1239
20.72	2	1	2073	1	2	20	1239
20.729	2	1	2073	10	2	20	1239
20.739	2	1	2074	10	2	20	1239
20.749	2	1	2075	10	2	20	1239
20.759	2	1	2076	10	2	20	1239
20.769	2	1	2077	10	2	20	1239
20.778	2	1	2078	9	2	20	1239
20.788	2	1	2079	9	2	20	1239
20.798	2	1	2080	9	2	20	1239
20.808	2	1	2081	9	2	20	1239
20.818	2	1	2082	9	2	20	1239
20.827	2	1	2083	8	2	20	1239
20.837	2	1	2084	8	2	20	1239
20.847	2	1	2085	8	2	20	1239
20.857	2	1	2086	8	2	20	1239
20.867	2	1	2087	8	2	20	1239
20.876	2	1	2088	7	2	20	1239
20.886	2	1	2089	7	2	20	1239
20.896	2	1	2090	7	2	20	1239
20.906	2	1	2091	7	2	20	1239
20.916	2	1	2092	7	2	20	1239
20.925	2	1	2093	6	2	20	1239
20.935	2	1	2094	6	2	20	1239
20.945	2	1	2095	6	2	20	1239
20.955	2	1	2096	6	2	20	1239
20.965	2	1	2097	6	2	20	1239
20.974	2	1	2098	5	2	20	1239
20.984	2	1	2099	5	2	20	1239
20.994	2	1	2100	5	2	20	1239
21.004	2	1	2101	5	2	20	1239
21.014	2	1	2102	5	2	20	1239
21.023	2	1	2103	4	2	20	1239
21.033	2	1	2104	4	2	20	1239
21.043	2	1	2105	4	2	20	1239
21.053	2	1	2106	4	2	20	1239
21.063	2	1	2107	4	2	20	1239
21.072	2	1	2108	3	2	20	1239
21.082	2	1	2109	3	2	20	1239
21.092	2	1	2110	3	2	20	1239
21.102	2	1	2111	3	2	20	1239
21.112	2	1	2112	3	2	20	1239
21.121	2	1	2113	2	2	20	1239
21.131	2	1	2114	2	2	20	1239
21.141	2	1	2115	2	2	20	1239
21.151	2	1	2116	2	2	20	1239
21.16	2	1	2117	1	2	20	1239
21.166	2	1	2117	7	2	20	1239
21.17	2	1	2118	1	2	20	1239
21.181	2	1	2119	2	2	20	1239
21.19	2	1	2120	1	2	20	1239
21.2	2	1	2121	1	2	20	1239
21.21	2	1	2122	1	2	20	1239
21.22	2	1	2123	1	2	20	1239
21.23	2	1	2124	1	2	20	1239
21.239	2	1	2124	10	2	20	1239
21.249	2	1	2125	10	2	20	1239
21.259	2	1	2126	10	2	20	1239
21.269	2	1	2127	10	2	20	1239
21.279	2	1	2128	10	2	20	1239
21.288	2	1	2129	9	2	20	1239
21.298	2	1	2130	9	2	20	1239
21.308	2	1	2131	9	2	20	1239
21.318	2	1	2132	9	2	20	1239
21.328	2	1	2133	9	2	20	1239
21.337	2	1	2134	8	2	20	1239
21.347	2	1	2135	8	2	20	1239
21.357	2	1	2136	8	2	20	1239
21.367	2	1	2137	8	2	20	1239
21.377	2	1	2138	8	2	20	1239
21.386	2	1	2139	7	2	20	1239
21.396	2	1	2140	7	2	20	1239
21.406	2	1	2141	7	2	20	1239
21.416	2	1	2142	7	2	20	1239
21.426	2	1	2143	7	2	20	1239
21.435	2	1	2144	6	2	20	1239
21.445	2	1	2145	6	2	20	1239
21.455	2	1	2146	6	2	20	1239
21.465	2	1	2147	6	2	20	1239
21.475	2	1	2148	6	2	20	1239
21.484	2	1	2149	5	2	20	1239
21.494	2	1	2150	5	2	20	1239
21.504	2	1	2151	5	2	20	1239
21.514	2	1	2152	5	2	20	1239
21.524	2	1	2153	5	2	20	1239
21.533	2	1	2154	4	2	20	1239
21.543	2	1	2155	4	2	20	1239
21.553	2	1	2156	4	2	20	1239
21.563	2	1	2157	4	2	20	1239
21.573	2	1	2158	4	2	20	1239
21.582	2	1	2159	3	2	20	1239
21.592	2	1	2160	3	2	20	1239
21.602	2	1	2161	3	2	20	1239
21.612	2	1	2162	3	2	20	1239
21.622	2	1	2163	3	2	20	1239
21.631	2	1	2164	2	2	20	1239
21.641	2	1	2165	2	2	20	1239
21.646	2	1	2165	7	2	20	1239
21.651	2	1	2166	2	2	20	1239
21.661	2	1	2167	2	2	20	1239
21.671	2	1	2168	2	2	20	1239
21.681	2	1	2169	2	2	20	1239
21.691	2	1	2170	2	2	20	1239
21.7	2	1	2171	1	2	20	1239
21.71	2	1	2172	1	2	20	1239
21.72	2	1	2173	1	2	20	1239
21.73	2	1	2174	1	2	20	1239
21.74	2	1	2175	1	2	20	1239
21.749	2	1	2175	10	2	20	1239
21.759	2	1	2176	10	2	20	1239
21.769	2	1	2177	10	2	20	1239
21.779	2	1	2178	10	2	20	1239
21.789	2	1	2179	10	2	20	1239
21.798	2	1	2180	9	2	20	1239
21.808	2	1	2181	9	2	20	1239
21.818	2	1	2182	9	2	20	1239
21.828	2	1	2183	9	2	20	1239
21.838	2	1	2184	9	2	20	1239
21.847	2	1	2185	8	2	20	1239
21.857	2	1	2186	8	2	20	1239
21.867	2	1	2187	8	2	20	1239
21.877	2	1	2188	8	2	20	1239
21.887	2	1	2189	8	2	20	1239
21.896	2	1	2190	7	2	20	1239
21.906	2	1	2191	7	2	20	1239
21.916	2	1	2192	7	2	20	1239
21.926	2	1	2193	7	2	20	1239
21.936	2	1	2194	7	2	20	1239
21.945	2	1	2195	6	2	20	1239
21.955	2	1	2196	6	2	20	1239
21.965	2	1	2197	6	2	20	1239
21.975	2	1	2198	6	2	20	1239
21.985	2	1	2199	6	2	20	1239
21.994	2	1	2200	5	2	20	1239
22.004	2	1	2201	5	2	20	1239
22.014	2	1	2202	5	2	20	1239
22.024	2	1	2203	5	2	20	1239
22.034	2	1	2204	5	2	20	1239
22.043	2	1	2205	4	2	20	1239
22.053	2	1	2206	4	2	20	1239
22.063	2	1	2207	4	2	20	1239
22.073	2	1	2208	4	2	20	1239
22.083	2	1	2209	4	2	20	1239
22.092	2	1	2210	3	2	20	1239
22.102	2	1	2211	3	2	20	1239
22.112	2	1	2212	3	2	20	1239
22.122	2	1	2213	3	2	20	1239
22.126	2	1	2213	7	2	20	1239
22.132	2	1	2214	3	2	20	1239
22.142	2	1	2215	3	2	20	1239
22.152	2	1	2216	3	2	20	1239
22.161	2	1	2217	2	2	20	1239
22.171	2	1	2218	2	2	20	1239
22.181	2	1	2219	2	2	20	1239
22.191	2	1	2220	2	2	20	1239
22.201	2	1	2221	2	2	20	1239
22.21	2	1	2222	1	2	20	1239
22.22	2	1	2223	1	2	20	1239
22.23	2	1	2224	1	2	20	1239
22.24	2	1	2225	1	2	20	1239
22.25	2	1	2226	1	2	20	1239
22.259	2	1	2226	10	2	20	1239
22.269	2	1	2227	10	2	20	1239
22.279	2	1	2228	10	2	20	1239
22.289	2	1	2229	10	2	20	1239
22.299	2	1	2230	10	2	20	1239
22.308	2	1	2231	9	2	20	1239
22.318	2	1	2232	9	2	20	1239
22.328	2	1	2233	9	2	20	1239
22.338	2	1	2234	9	2	20	1239
22.348	2	1	2235	9	2	20	1239
22.357	2	1	2236	8	2	20	1239
22.367	2	1	2237	8	2	20	1239
22.377	2	1	2238	8	2	20	1239
22.387	2	1	2239	8	2	20	1239
22.397	2	1	2240	8	2	20	1239
22.406	2	1	2241	7	2	20	1239
22.416	2	1	2242	7	2	20	1239
22.426	2	1	2243	7	2	20	1239
22.436	2	1	2244	7	2	20	1239
22.446	2	1	2245	7	2	20	1239
22.455	2	1	2246	6	2	20	1239
22.465	2	1	2247	6	2	20	1239
22.475	2	1	2248	6	2	20	1239
22.485	2	1	2249	6	2	20	1239
22.495	2	1	2250	6	2	20	1239
22.504	2	1	2251	5	2	20	1239
22.514	2	1	2252	5	2	20	1239
22.524	2	1	2253	5	2	20	1239
22.534	2	1	2254	5	2	20	1239
22.544	2	1	2255	5	2	20	1239
22.553	2	1	2256	4	2	20	1239
22.563	2	1	2257	4	2	20	1239
22.573	2	1	2258	4	2	20	1239
22.583	2	1	2259	4	2	20	1239
22.593	2	1	2260	4	2	20	1239
22.602	2	1	2261	3	2	20	1239
22.606	2	1	2261	7	2	20	1239
22.612	2	1	2262	3	2	20	1239
22.622	2	1	2263	3	2	20	1239
22.632	2	1	2264	3	2	20	1239
22.642	2	1	2265	3	2	20	1239
22.652	2	1	2266	3	2	20	1239
22.662	2	1	2267	3	2	20	1239
22.671	2	1	2268	2	2	20	1239
22.681	2	1	2269	2	2	20	1239
22.691	2	1	2270	2	2	20	1239
22.701	2	1	2271	2	2	20	1239
22.711	2	1	2272	2	2	20	1239
22.72	2	1	2273	1	2	20	1239
22.73	2	1	2274	1	2	20	1239
22.74	2	1	2275	1	2	20	1239
22.75	2	1	2276	1	2	20	1239
22.76	2	1	2277	1	2	20	1239
22.769	2	1	2277	10	2	20	1239
22.779	2	1	2278	10	2	20	1239
22.789	2	1	2279	10	2	20	1239
22.799	2	1	2280	10	2	20	1239
22.809	2	1	2281	10	2	20	1239
22.818	2	1	2282	9	2	20	1239
22.828	2	1	2283	9	2	20	1239
22.838	2	1	2284	9	2	20	1239
22.848	2	1	2285	9	2	20	1239
22.858	2	1	2286	9	2	20	1239
22.867	2	1	2287	8	2	20	1239
22.877	2	1	2288	8	2	20	1239
22.887	2	1	2289	8	2	20	1239
22.897	2	1	2290	8	2	20	1239
22.907	2	1	2291	8	2	20	1239
22.916	2	1	2292	7	2	20	1239
22.926	2	1	2293	7	2	20	1239
22.936	2	1	2294	7	2	20	1239
22.946	2	1	2295	7	2	20	1239
22.956	2	1	2296	7	2	20	1239
22.965	2	1	2297	6	2	20	1239
22.975	2	1	2298	6	2	20	1239
22.985	2	1	2299	6	2	20	1239
22.995	2	1	2300	6	2	20	1239
23.005	2	1	2301	6	2	20	1239
23.014	2	1	2302	5	2	20	1239
23.024	2	1	2303	5	2	20	1239
23.034	2	1	2304	5	2	20	1239
23.044	2	1	2305	5	2	20	1239
23.054	2	1	2306	5	2	20	1239
23.063	2	1	2307	4	2	20	1239
23.073	2	1	2308	4	2	20	1239
23.083	2	1	2309	4	2	20	1239
23.086	2	1	2309	7	2	20	1239
23.093	2	1	2310	4	2	20	1239
23.103	2	1	2311	4	2	20	1239
23.113	2	1	2312	4	2	20	1239
23.123	2	1	2313	4	2	20	1239
23.132	2	1	2314	3	2	20	1239
23.142	2	1	2315	3	2	20	1239
23.152	2	1	2316	3	2	20	1239
23.162	2	1	2317	3	2	20	1239
23.172	2	1	2318	3	2	20	1239
23.177	2	1	2318	8	2	20	1239
23.181	2	1	2319	2	2	20	1239
23.186	2	1	2319	7	2	20	1239
23.191	2	1	2320	2	2	20	1239
23.196	2	1	2320	7	2	20	1239
23.201	2	1	2321	2	2	20	1239
23.206	2	1	2321	7	2	20	1239
23.211	2	1	2322	2	2	20	1239
23.216	2	1	2322	7	2	20	1239
23.221	2	1	2323	2	2	20	1239
23.225	2	1	2323	6	2	20	1239
23.23	2	1	2324	1	2	20	1239
23.235	2	1	2324	6	2	20	1239
23.24	2	1	2325	1	2	20	1239
23.245	2	1	2325	6	2	20	1239
23.25	2	1	2326	1	2	20	1239
23.255	2	1	2326	6	2	20	1239
23.26	2	1	2327	1	2	20	1239
23.265	2	1	2327	6	2	20	1239
23.27	2	1	2328	1	2	20	1239
23.274	2	1	2328	5	2	20	1239
23.279	2	1	2328	10	2	20	1239
23.284	2	1	2329	5	2	20	1239
23.289	2	1	2329	10	2	20	1239
23.294	2	1	2330	5	2	20	1239
23.299	2	1	2330	10	2	20	1239
23.304	2	1	2331	5	2	20	1239
23.309	2	1	2331	10	2	20	1239
23.314	2	1	2332	5	2	20	1239
23.319	2	1	2332	10	2	20	1239
23.323	2	1	2333	4	2	20	1239
23.328	2	1	2333	9	2	20	1239
23.333	2	1	2334	4	2	20	1239
23.338	2	1	2334	9	2	20	1239
23.343	2	1	2335	4	2	20	1239
23.348	2	1	2335	9	2	20	1239
23.353	2	1	2336	4	2	20	1239
23.358	2	1	2336	9	2	20	1239
23.363	2	1	2337	4	2	20	1239
23.368	2	1	2337	9	2	20	1239
23.372	2	1	2338	3	2	20	1239
23.377	2	1	2338	8	2	20	1239
23.382	2	1	2339	3	2	20	1239
23.387	2	1	2339	8	2	20	1239
23.392	2	1	2340	3	2	20	1239
23.397	2	1	2340	8	2	20	1239
23.402	2	1	2341	3	2	20	1239
23.407	2	1	2341	8	2	20	1239
23.412	2	1	2342	3	2	20	1239
23.417	2	1	2342	8	2	20	1239
23.421	2	1	2343	2	2	20	1239
23.426	2	1	2343	7	2	20	1239
23.431	2	1	2344	2	2	20	1239
23.436	2	1	2344	7	2	20	1239
23.441	2	1	2345	2	2	20	1239
23.446	2	1	2345	7	2	20	1239
23.451	2	1	2346	2	2	20	1239
23.456	2	1	2346	7	2	20	1239
23.461	2	1	2347	2	2	20	1239
23.466	2	1	2347	7	2	20	1239
23.47	2	1	2348	1	2	20	1239
23.475	2	1	2348	6	2	20	1239
23.48	2	1	2349	1	2	20	1239
23.485	2	1	2349	6	2	20	1239
23.49	2	1	2350	1	2	20	1239
23.495	2	1	2350	6	2	20	1239
23.5	2	1	2351	1	2	20	1239
23.505	2	1	2351	6	2	20	1239
23.51	2	1	2352	1	2	20	1239
23.515	2	1	2352	6	2	20	1239
23.519	2	1	2352	10	2	20	1239
23.524	2	1	2353	5	2	20	1239
23.529	2	1	2353	10	2	20	1239
23.534	2	1	2354	5	2	20	1239
23.539	2	1	2354	10	2	20	1239
23.544	2	1	2355	5	2	20	1239
23.549	2	1	2355	10	2	20	1239
23.554	2	1	2356	5	2	20	1239
23.559	2	1	2356	10	2	20	1239
23.564	2	1	2357	5	2	20	1239
23.566	2	1	2357	7	2	20	1239
23.568	2	1	2357	9	2	20	1239
23.573	2	1	2358	4	2	20	1239
23.579	2	1	2358	10	2	20	1239
23.584	2	1	2359	5	2	20	1239
23.589	2	1	2359	10	2	20	1239
23.593	2	1	2360	4	2	20	1239
23.598	2	1	2360	9	2	20	1239
23.603	2	1	2361	4	2	20	1239
23.608	2	1	2361	9	2	20	1239
23.613	2	1	2362	4	2	20	1239
23.618	2	1	2362	9	2	20	1239
23.623	2	1	2363	4	2	20	1239
23.628	2	1	2363	9	2	20	1239
23.633	2	1	2364	4	2	20	1239
23.638	2	1	2364	9	2	20	1239
23.642	2	1	2365	3	2	20	1239
23.647	2	1	2365	8	2	20	1239
23.652	2	1	2366	3	2	20	1239
23.657	2	1	2366	8	2	20	1239
23.662	2	1	2367	3	2	20	1239
23.667	2	1	2367	8	2	20	1239
23.672	2	1	2368	3	2	20	1239
23.677	2	1	2368	8	2	20	1239
23.682	2	1	2369	3	2	20	1239
23.687	2	1	2369	8	2	20	1239
23.691	2	1	2370	2	2	20	1239
23.696	2	1	2370	7	2	20	1239
23.701	2	1	2371	2	2	20	1239
23.706	2	1	2371	7	2	20	1239
23.711	2	1	2372	2	2	20	1239
23.716	2	1	2372	7	2	20	1239
23.721	2	1	2373	2	2	20	1239
23.726	2	1	2373	7	2	20	1239
23.731	2	1	2374	2	2	20	1239
23.735	2	1	2374	6	2	20	1239
23.74	2	1	2375	1	2	20	1239
23.745	2	1	2375	6	2	20	1239
23.75	2	1	2376	1	2	20	1239
23.755	2	1	2376	6	2	20	1239
23.76	2	1	2377	1	2	20	1239
23.765	2	1	2377	6	2	20	1239
23.77	2	1	2378	1	2	20	1239
23.775	2	1	2378	6	2	20	1239
23.78	2	1	2379	1	2	20	1239
23.784	2	1	2379	5	2	20	1239
23.789	2	1	2379	10	2	20	1239
23.794	2	1	2380	5	2	20	1239
23.799	2	1	2380	10	2	20	1239
23.804	2	1	2381	5	2	20	1239
23.809	2	1	2381	10	2	20	1239
23.814	2	1	2382	5	2	20	1239
23.819	2	1	2382	10	2	20	1239
23.824	2	1	2383	5	2	20	1239
23.829	2	1	2383	10	2	20	1239
23.833	2	1	2384	4	2	20	1239
23.838	2	1	2384	9	2	20	1239
23.843	2	1	2385	4	2	20	1239
23.848	2	1	2385	9	2	20	1239
23.853	2	1	2386	4	2	20	1239
23.858	2	1	2386	9	2	20	1239
23.863	2	1	2387	4	2	20	1239
23.868	2	1	2387	9	2	20	1239
23.873	2	1	2388	4	2	20	1239
23.878	2	1	2388	9	2	20	1239
23.882	2	1	2389	3	2	20	1239
23.887	2	1	2389	8	2	20	1239
23.892	2	1	2390	3	2	20	1239
23.897	2	1	2390	8	2	20	1239
23.902	2	1	2391	3	2	20	1239
23.907	2	1	2391	8	2	20	1239
23.912	2	1	2392	3	2	20	1239
23.917	2	1	2392	8	2	20	1239
23.922	2	1	2393	3	2	20	1239
23.927	2	1	2393	8	2	20	1239
23.931	2	1	2394	2	2	20	1239
23.936	2	1	2394	7	2	20	1239
23.941	2	1	2395	2	2	20	1239
23.946	2	1	2395	7	2	20	1239
23.951	2	1	2396	2	2	20	1239
23.956	2	1	2396	7	2	20	1239
23.961	2	1	2397	2	2	20	1239
23.966	2	1	2397	7	2	20	1239
23.971	2	1	2398	2	2	20	1239
23.976	2	1	2398	7	2	20	1239
23.98	2	1	2399	1	2	20	1239
23.985	2	1	2399	6	2	20	1239
23.99	2	1	2400	1	2	20	1239
23.995	2	1	2400	6	2	20	1239
24	2	1	2401	1	2	20	1239
24.005	2	1	2401	6	2	20	1239
24.01	2	1	2402	1	2	20	1239
24.015	2	1	2402	6	2	20	1239
24.02	2	1	2403	1	2	20	1239
24.025	2	1	2403	6	2	20	1239
24.029	2	1	2403	10	2	20	1239
24.034	2	1	2404	5	2	20	1239
24.039	2	1	2404	10	2	20	1239
24.044	2	1	2405	5	2	20	1239
24.046	2	1	2405	7	2	20	1239
24.049	2	1	2405	10	2	20	1239
24.054	2	1	2406	5	2	20	1239
24.059	2	1	2406	10	2	20	1239
24.064	2	1	2407	5	2	20	1239
24.069	2	1	2407	10	2	20	1239
24.074	2	1	2408	5	2	20	1239
24.079	2	1	2408	10	2	20	1239
24.084	2	1	2409	5	2	20	1239
24.089	2	1	2409	10	2	20	1239
24.094	2	1	2410	5	2	20	1239
24.099	2	1	2410	10	2	20	1239
24.103	2	1	2411	4	2	20	1239
24.108	2	1	2411	9	2	20	1239
24.113	2	1	2412	4	2	20	1239
24.118	2	1	2412	9	2	20	1239
24.123	2	1	2413	4	2	20	1239
24.133	2	1	2414	4	2	20	1239
24.143	2	1	2415	4	2	20	1239
24.152	2	1	2416	3	2	20	1239
24.162	2	1	2417	3	2	20	1239
24.172	2	1	2418	3	2	20	1239
24.182	2	1	2419	3	2	20	1239
24.192	2	1	2420	3	2	20	1239
24.201	2	1	2421	2	2	20	1239
24.211	2	1	2422	2	2	20	1239
24.221	2	1	2423	2	2	20	1239
24.231	2	1	2424	2	2	20	1239
24.241	2	1	2425	2	2	20	1239
24.25	2	1	2426	1	2	20	1239
24.26	2	1	2427	1	2	20	1239
24.27	2	1	2428	1	2	20	1239
24.28	2	1	2429	1	2	20	1239
24.29	2	1	2430	1	2	20	1239
24.299	2	1	2430	10	2	20	1239
24.309	2	1	2431	10	2	20	1239
24.319	2	1	2432	10	2	20	1239
24.329	2	1	2433	10	2	20	1239
24.339	2	1	2434	10	2	20	1239
24.348	2	1	2435	9	2	20	1239
24.358	2	1	2436	9	2	20	1239
24.368	2	1	2437	9	2	20	1239
24.378	2	1	2438	9	2	20	1239
24.388	2	1	2439	9	2	20	1239
24.397	2	1	2440	8	2	20	1239
24.407	2	1	2441	8	2	20	1239
24.417	2	1	2442	8	2	20	1239
24.427	2	1	2443	8	2	20	1239
24.437	2	1	2444	8	2	20	1239
24.446	2	1	2445	7	2	20	1239
24.456	2	1	2446	7	2	20	1239
24.466	2	1	2447	7	2	20	1239
24.476	2	1	2448	7	2	20	1239
24.486	2	1	2449	7	2	20	1239
24.495	2	1	2450	6	2	20	1239
24.505	2	1	2451	6	2	20	1239
24.515	2	1	2452	6	2	20	1239
24.525	2	1	2453	6	2	20	1239
24.526	2	1	2453	7	2	20	1239
24.535	2	1	2454	6	2	20	1239
24.545	2	1	2455	6	2	20	1239
24.555	2	1	2456	6	2	20	1239
24.564	2	1	2457	5	2	20	1239
24.574	2	1	2458	5	2	20	1239
24.584	2	1	2459	5	2	20	1239
24.594	2	1	2460	5	2	20	1239
24.604	2	1	2461	5	2	20	1239
24.613	2	1	2462	4	2	20	1239
24.623	2	1	2463	4	2	20	1239
24.633	2	1	2464	4	2	20	1239
24.643	2	1	2465	4	2	20	1239
24.653	2	1	2466	4	2	20	1239
24.662	2	1	2467	3	2	20	1239
24.672	2	1	2468	3	2	20	1239
24.682	2	1	2469	3	2	20	1239
24.692	2	1	2470	3	2	20	1239
24.702	2	1	2471	3	2	20	1239
24.711	2	1	2472	2	2	20	1239
24.721	2	1	2473	2	2	20	1239
24.731	2	1	2474	2	2	20	1239
24.741	2	1	2475	2	2	20	1239
24.751	2	1	2476	2	2	20	1239
24.76	2	1	2477	1	2	20	1239
24.77	2	1	2478	1	2	20	1239
24.78	2	1	2479	1	2	20	1239
24.79	2	1	2480	1	2	20	1239
24.8	2	1	2481	1	2	20	1239
24.809	2	1	2481	10	2	20	1239
24.819	2	1	2482	10	2	20	1239
24.829	2	1	2483	10	2	20	1239
24.839	2	1	2484	10	2	20	1239
24.849	2	1	2485	10	2	20	1239
24.858	2	1	2486	9	2	20	1239
24.868	2	1	2487	9	2	20	1239
24.878	2	1	2488	9	2	20	1239
24.888	2	1	2489	9	2	20	1239
24.898	2	1	2490	9	2	20	1239
24.907	2	1	2491	8	2	20	1239
24.917	2	1	2492	8	2	20	1239
24.927	2	1	2493	8	2	20	1239
24.937	2	1	2494	8	2	20	1239
24.947	2	1	2495	8	2	20	1239
24.956	2	1	2496	7	2	20	1239
24.966	2	1	2497	7	2	20	1239
24.976	2	1	2498	7	2	20	1239
24.986	2	1	2499	7	2	20	1239
24.996	2	1	2500	7	2	20	1239
