% start	end	CellId	IMSI	RNTI	LCID	nTxPDUs	TxBytes	nRxPDUs	RxBytes	delay	stdDev	min	max	PduSize	stdDev	min	max
0.55	0.6	1	1	1	4	1	54	1	54	0.0119286	0	0.0119286	0.0119286	54	0	54	54	
0.6	0.65	1	1	1	4	2	84	2	84	0.0104286	0.000707107	0.00992857	0.0109286	42	0	42	42	
0.7	0.75	1	1	1	4	4	168	4	168	0.00817857	0.00221736	0.00592857	0.0109286	42	0	42	42	
0.75	0.8	1	1	1	4	8	336	8	336	0.00655357	0.00226385	0.00492857	0.0109286	42	0	42	42	
0.85	0.9	1	1	1	4	9	378	9	378	0.00703968	0.00214735	0.00492857	0.0109286	42	0	42	42	
0.9	0.95	1	1	1	4	6	252	4	168	0.00767857	0.00340343	0.00492857	0.0119286	42	0	42	42	
0.95	1	1	1	1	4	7	294	9	378	0.00548413	0.00101379	0.00492857	0.00792857	42	0	42	42	
1	1.05	1	1	1	4	12	504	11	462	0.00847403	0.00405866	0.00492857	0.0179286	42	0	42	42	
1.05	1.1	1	1	1	4	11	462	8	336	0.00630357	0.00250357	0.00492857	0.0119286	42	0	42	42	
1.1	1.15	1	1	1	4	15	630	17	714	0.00651681	0.00197037	0.00492857	0.0119286	42	0	42	42	
1.15	1.2	1	1	1	4	14	588	14	588	0.0055	0.00128388	0.00492857	0.00892857	42	0	42	42	
1.2	1.25	1	1	1	4	14	588	15	630	0.0054619	0.000915475	0.00492857	0.00792857	42	0	42	42	
1.25	1.3	1	1	1	4	14	588	14	588	0.00614286	0.0013688	0.00492857	0.00892857	42	0	42	42	
1.3	1.35	1	1	1	4	14	588	14	588	0.00592857	0.00130089	0.00492857	0.00892857	42	0	42	42	
1.35	1.4	1	1	1	4	15	630	13	546	0.00631319	0.00138675	0.00492857	0.00892857	42	0	42	42	
1.4	1.45	1	1	1	4	14	588	15	630	0.00599524	0.00148645	0.00492857	0.00892857	42	0	42	42	
1.45	1.5	1	1	1	4	14	588	15	630	0.00592857	0.00136277	0.00492857	0.00892857	42	0	42	42	
1.5	1.55	1	1	1	4	15	630	14	588	0.00578571	0.00129241	0.00492857	0.00892857	42	0	42	42	
1.55	1.6	1	1	1	4	14	588	15	630	0.00572857	0.00120712	0.00492857	0.00792857	42	0	42	42	
1.6	1.65	1	1	1	4	15	630	14	588	0.0055	0.00108941	0.00492857	0.00792857	42	0	42	42	
1.65	1.7	1	1	1	4	14	588	14	588	0.00585714	0.00126881	0.00492857	0.00792857	42	0	42	42	
1.7	1.75	1	1	1	4	14	588	15	630	0.00552857	0.0010556	0.00492857	0.00792857	42	0	42	42	
1.75	1.8	1	1	1	4	14	588	14	588	0.00592857	0.00141421	0.00492857	0.00892857	42	0	42	42	
1.8	1.85	1	1	1	4	14	588	14	588	0.00585714	0.00126881	0.00492857	0.00892857	42	0	42	42	
1.85	1.9	1	1	1	4	15	630	14	588	0.0065	0.00150457	0.00492857	0.00892857	42	0	42	42	
1.9	1.95	1	1	1	4	14	588	14	588	0.00607143	0.00140642	0.00492857	0.00892857	42	0	42	42	
1.95	2	1	1	1	4	14	588	14	588	0.00592857	0.00130089	0.00492857	0.00892857	42	0	42	42	
2	2.05	1	1	1	4	14	588	15	630	0.00599524	0.00148645	0.00492857	0.00892857	42	0	42	42	
2.05	2.1	1	1	1	4	14	588	14	588	0.00578571	0.00129241	0.00492857	0.00792857	42	0	42	42	
2.1	2.15	1	1	1	4	15	630	14	588	0.00535714	0.00108941	0.00492857	0.00792857	42	0	42	42	
2.15	2.2	1	1	1	4	14	588	13	546	0.00546703	0.0011266	0.00492857	0.00792857	42	0	42	42	
2.2	2.25	1	1	1	4	14	588	16	672	0.00567857	0.00118322	0.00492857	0.00792857	42	0	42	42	
2.25	2.3	1	1	1	4	14	588	14	588	0.0055	0.00108941	0.00492857	0.00792857	42	0	42	42	
2.3	2.35	1	1	1	4	14	588	14	588	0.00528571	0.000633324	0.00492857	0.00692857	42	0	42	42	
2.35	2.4	1	1	1	4	15	630	14	588	0.006	0.00138477	0.00492857	0.00892857	42	0	42	42	
2.4	2.45	1	1	1	4	16	672	17	714	0.00569328	0.000970143	0.00492857	0.00792857	42	0	42	42	
2.45	2.5	1	1	1	4	15	630	14	588	0.00592857	0.00135873	0.00492857	0.00792857	42	0	42	42	
2.5	2.55	1	1	1	4	14	588	14	588	0.00571429	0.00125137	0.00492857	0.00792857	42	0	42	42	
2.55	2.6	1	1	1	4	14	588	14	588	0.00564286	0.00126665	0.00492857	0.00792857	42	0	42	42	
2.6	2.65	1	1	1	4	13	546	14	588	0.00642857	0.00145444	0.00492857	0.00892857	42	0	42	42	
2.65	2.7	1	1	1	4	12	504	11	462	0.00738312	0.00103573	0.00492857	0.00892857	42	0	42	42	
2.7	2.75	1	1	1	4	12	504	13	546	0.00708242	0.00140512	0.00492857	0.00892857	42	0	42	42	
2.75	2.8	1	1	1	4	13	546	12	504	0.0075119	0.00178164	0.00492857	0.0119286	42	0	42	42	
2.8	2.85	1	1	1	4	12	504	11	462	0.00756493	0.00185864	0.00492857	0.0119286	42	0	42	42	
2.85	2.9	1	1	1	4	12	504	13	546	0.00785165	0.00210006	0.00492857	0.0119286	42	0	42	42	
2.9	2.95	1	1	1	4	12	504	13	546	0.00762088	0.00170219	0.00492857	0.0119286	42	0	42	42	
2.95	3	1	1	1	4	12	504	12	504	0.00759524	0.00161433	0.00492857	0.0119286	42	0	42	42	
3	3.05	1	1	1	4	12	504	12	504	0.00792857	0.00159545	0.00492857	0.0119286	42	0	42	42	
3.05	3.1	1	1	1	4	13	546	12	504	0.00834524	0.00192865	0.00492857	0.0119286	42	0	42	42	
3.1	3.15	1	1	1	4	12	504	12	504	0.0080119	0.00156428	0.00492857	0.0119286	42	0	42	42	
3.15	3.2	1	1	1	4	12	504	13	546	0.0076978	0.00173944	0.00492857	0.0119286	42	0	42	42	
3.2	3.25	1	1	1	4	12	504	11	462	0.00729221	0.00201359	0.00492857	0.0119286	42	0	42	42	
3.25	3.3	1	1	1	4	12	504	12	504	0.0075119	0.00178164	0.00492857	0.0119286	42	0	42	42	
3.3	3.35	1	1	1	4	12	504	13	546	0.00792857	0.00208167	0.00492857	0.0119286	42	0	42	42	
3.35	3.4	1	1	1	4	13	546	12	504	0.0077619	0.00158592	0.00492857	0.0119286	42	0	42	42	
3.4	3.45	1	1	1	4	12	504	13	546	0.00762088	0.00170219	0.00492857	0.0119286	42	0	42	42	
3.45	3.5	1	1	1	4	12	504	11	462	0.00774675	0.00166242	0.00492857	0.0119286	42	0	42	42	
3.5	3.55	1	1	1	4	12	504	11	462	0.00811039	0.00132802	0.00692857	0.0119286	42	0	42	42	
3.55	3.6	1	1	1	4	12	504	13	546	0.00831319	0.00166024	0.00692857	0.0119286	42	0	42	42	
3.6	3.65	1	1	1	4	12	504	13	546	0.00785165	0.00160528	0.00492857	0.0119286	42	0	42	42	
3.65	3.7	1	1	1	4	20	1132	19	1026	0.00640226	0.00171167	0.00492857	0.0119286	54	10.4137	42	70	
3.7	3.75	1	1	1	4	24	1872	24	1864	0.0055119	0.000717282	0.00492857	0.00792857	77.6667	1.63299	70	78	
3.75	3.8	1	1	1	4	25	1950	24	1872	0.00555357	0.000646899	0.00492857	0.00692857	78	0	78	78	
3.8	3.85	1	1	1	4	24	1872	24	1872	0.00559524	0.00056466	0.00492857	0.00692857	78	0	78	78	
3.85	3.9	1	1	1	4	24	1872	24	1872	0.00547024	0.00058823	0.00492857	0.00692857	78	0	78	78	
3.9	3.95	1	1	1	4	25	1950	26	2028	0.0056978	0.000651625	0.00492857	0.00792857	78	0	78	78	
3.95	4	1	1	1	4	24	1872	22	1716	0.0057013	0.000685344	0.00492857	0.00792857	78	0	78	78	
4	4.05	1	1	1	4	24	1872	26	2028	0.00581319	0.000652805	0.00492857	0.00792857	78	0	78	78	
4.05	4.1	1	1	1	4	25	1950	24	1872	0.00559524	0.00056466	0.00492857	0.00692857	78	0	78	78	
4.1	4.15	1	1	1	4	24	1872	25	1950	0.00560857	0.000556776	0.00492857	0.00692857	78	0	78	78	
4.15	4.2	1	1	1	4	25	1950	24	1872	0.0055119	0.000583592	0.00492857	0.00692857	78	0	78	78	
4.2	4.25	1	1	1	4	24	1872	24	1872	0.00547024	0.00072106	0.00492857	0.00792857	78	0	78	78	
4.25	4.3	1	1	1	4	24	1872	24	1872	0.00547024	0.00072106	0.00492857	0.00792857	78	0	78	78	
4.3	4.35	1	1	1	4	24	1872	25	1950	0.00568857	0.000830662	0.00492857	0.00792857	78	0	78	78	
4.35	4.4	1	1	1	4	25	1950	24	1872	0.0055119	0.000717282	0.00492857	0.00792857	78	0	78	78	
4.4	4.45	1	1	1	4	24	1872	25	1950	0.00556857	0.0007	0.00492857	0.00792857	78	0	78	78	
4.45	4.5	1	1	1	4	25	1950	24	1872	0.00567857	0.000675664	0.00492857	0.00792857	78	0	78	78	
4.5	4.55	1	1	1	4	24	1872	24	1872	0.00584524	0.000408248	0.00492857	0.00692857	78	0	78	78	
4.55	4.6	1	1	1	4	24	1872	24	1872	0.0057619	0.000637022	0.00492857	0.00692857	78	0	78	78	
4.6	4.65	1	1	1	4	24	1872	25	1950	0.00576857	0.000553775	0.00492857	0.00692857	78	0	78	78	
4.65	4.7	1	1	1	4	20	1248	21	1362	0.00578571	0.000963624	0.00492857	0.00792857	64.8571	15.0276	42	78	
4.7	4.75	1	1	1	4	12	504	11	462	0.00729221	0.00201359	0.00492857	0.0119286	42	0	42	42	
4.75	4.8	1	1	1	4	12	504	12	504	0.0075119	0.00178164	0.00492857	0.0119286	42	0	42	42	
4.8	4.85	1	1	1	4	12	504	12	504	0.00792857	0.00217423	0.00492857	0.0119286	42	0	42	42	
4.85	4.9	1	1	1	4	12	504	12	504	0.0075119	0.00178164	0.00492857	0.0119286	42	0	42	42	
4.9	4.95	1	1	1	4	13	546	14	588	0.00764286	0.00163747	0.00492857	0.0119286	42	0	42	42	
4.95	5	1	1	1	4	12	504	11	462	0.00801948	0.0013751	0.00692857	0.0119286	42	0	42	42	
5	5.05	1	1	1	4	12	504	11	462	0.00811039	0.00132802	0.00692857	0.0119286	42	0	42	42	
5.05	5.1	1	1	1	4	12	504	13	546	0.00831319	0.00166024	0.00692857	0.0119286	42	0	42	42	
5.1	5.15	1	1	1	4	12	504	12	504	0.0077619	0.00158592	0.00492857	0.0119286	42	0	42	42	
5.15	5.2	1	1	1	4	13	546	13	546	0.00800549	0.00201914	0.00492857	0.0119286	42	0	42	42	
5.2	5.25	1	1	1	4	12	504	12	504	0.00692857	0.00204495	0.00492857	0.0119286	42	0	42	42	
5.25	5.3	1	1	1	4	12	504	12	504	0.0077619	0.00224958	0.00492857	0.0119286	42	0	42	42	
5.3	5.35	1	1	1	4	12	504	12	504	0.0075119	0.00183196	0.00492857	0.0119286	42	0	42	42	
5.35	5.4	1	1	1	4	12	504	12	504	0.00742857	0.00183402	0.00492857	0.0119286	42	0	42	42	
5.4	5.45	1	1	1	4	12	504	13	546	0.00715934	0.00192154	0.00492857	0.0119286	42	0	42	42	
5.45	5.5	1	1	1	4	17	714	15	630	0.00679524	0.00180739	0.00492857	0.0119286	42	0	42	42	
5.5	5.55	1	1	1	4	12	504	13	546	0.00839011	0.00161325	0.00692857	0.0119286	42	0	42	42	
5.55	5.6	1	1	1	4	12	504	12	504	0.00742857	0.001	0.00492857	0.00892857	42	0	42	42	
5.6	5.65	1	1	1	4	12	504	12	504	0.0075119	0.000996205	0.00492857	0.00892857	42	0	42	42	
5.65	5.7	1	1	1	4	12	504	12	504	0.00734524	0.000996205	0.00492857	0.00892857	42	0	42	42	
5.7	5.75	1	1	1	4	12	504	13	546	0.00708242	0.00140512	0.00492857	0.00892857	42	0	42	42	
5.75	5.8	1	1	1	4	13	546	12	504	0.00709524	0.00119342	0.00492857	0.00792857	42	0	42	42	
5.8	5.85	1	1	1	4	12	504	11	462	0.00756493	0.00185864	0.00492857	0.0119286	42	0	42	42	
5.85	5.9	1	1	1	4	12	504	13	546	0.00785165	0.00210006	0.00492857	0.0119286	42	0	42	42	
5.9	5.95	1	1	1	4	12	504	13	546	0.00762088	0.00170219	0.00492857	0.0119286	42	0	42	42	
5.95	6	1	1	1	4	12	504	12	504	0.00759524	0.00161433	0.00492857	0.0119286	42	0	42	42	
6	6.05	1	1	1	4	12	504	12	504	0.0077619	0.00158592	0.00492857	0.0119286	42	0	42	42	
6.05	6.1	1	1	1	4	13	546	12	504	0.00834524	0.00192865	0.00492857	0.0119286	42	0	42	42	
6.1	6.15	1	1	1	4	12	504	12	504	0.0080119	0.00156428	0.00492857	0.0119286	42	0	42	42	
6.15	6.2	1	1	1	4	12	504	13	546	0.0076978	0.00173944	0.00492857	0.0119286	42	0	42	42	
6.2	6.25	1	1	1	4	12	504	11	462	0.00729221	0.00201359	0.00492857	0.0119286	42	0	42	42	
6.25	6.3	1	1	1	4	12	504	12	504	0.0075119	0.00178164	0.00492857	0.0119286	42	0	42	42	
6.3	6.35	1	1	1	4	12	504	13	546	0.00792857	0.00208167	0.00492857	0.0119286	42	0	42	42	
6.35	6.4	1	1	1	4	13	546	12	504	0.0077619	0.00158592	0.00492857	0.0119286	42	0	42	42	
6.4	6.45	1	1	1	4	12	504	13	546	0.00762088	0.00170219	0.00492857	0.0119286	42	0	42	42	
6.45	6.5	1	1	1	4	12	504	11	462	0.00774675	0.00166242	0.00492857	0.0119286	42	0	42	42	
6.5	6.55	1	1	1	4	12	504	11	462	0.00811039	0.00132802	0.00692857	0.0119286	42	0	42	42	
6.55	6.6	1	1	1	4	12	504	13	546	0.00831319	0.00166024	0.00692857	0.0119286	42	0	42	42	
6.6	6.65	1	1	1	4	12	504	13	546	0.00808242	0.00121423	0.00692857	0.0119286	42	0	42	42	
6.65	6.7	1	1	1	4	13	546	13	546	0.00746703	0.00229548	0.00492857	0.0119286	42	0	42	42	
6.7	6.75	1	1	1	4	12	504	11	462	0.00711039	0.0020405	0.00492857	0.0119286	42	0	42	42	
6.75	6.8	1	1	1	4	12	504	12	504	0.00767857	0.00226134	0.00492857	0.0119286	42	0	42	42	
6.8	6.85	1	1	1	4	12	504	12	504	0.0075119	0.00183196	0.00492857	0.0119286	42	0	42	42	
6.85	6.9	1	1	1	4	13	546	12	504	0.00742857	0.00183402	0.00492857	0.0119286	42	0	42	42	
6.9	6.95	1	1	1	4	12	504	14	588	0.00721429	0.00185757	0.00492857	0.0119286	42	0	42	42	
6.95	7	1	1	1	4	12	504	10	420	0.00802857	0.00152388	0.00592857	0.0119286	42	0	42	42	
7	7.05	1	1	1	4	12	504	13	546	0.00839011	0.00161325	0.00692857	0.0119286	42	0	42	42	
7.05	7.1	1	1	1	4	12	504	12	504	0.0080119	0.00131137	0.00692857	0.0119286	42	0	42	42	
7.1	7.15	1	1	1	4	12	504	13	546	0.00746703	0.000967418	0.00492857	0.00892857	42	0	42	42	
7.15	7.2	1	1	1	4	13	546	11	462	0.00738312	0.00103573	0.00492857	0.00892857	42	0	42	42	
7.2	7.25	1	1	1	4	12	504	13	546	0.00708242	0.0013445	0.00492857	0.00892857	42	0	42	42	
7.25	7.3	1	1	1	4	10	420	11	462	0.00774675	0.00153741	0.00592857	0.0119286	42	0	42	42	
7.3	7.35	1	1	1	4	10	420	10	420	0.00672857	0.000421637	0.00592857	0.00692857	42	0	42	42	
7.35	7.4	1	1	1	4	9	378	9	378	0.00648413	0.000726483	0.00492857	0.00692857	42	0	42	42	
7.4	7.45	1	1	1	4	9	378	9	378	0.00659524	0.0005	0.00592857	0.00692857	42	0	42	42	
7.45	7.5	1	1	1	4	10	420	10	420	0.00662857	0.000483046	0.00592857	0.00692857	42	0	42	42	
7.5	7.55	1	1	1	4	9	378	9	378	0.00659524	0.0005	0.00592857	0.00692857	42	0	42	42	
7.55	7.6	1	1	1	4	10	420	9	378	0.00648413	0.000726483	0.00492857	0.00692857	42	0	42	42	
7.6	7.65	1	1	1	4	9	378	10	420	0.00662857	0.000483046	0.00592857	0.00692857	42	0	42	42	
7.65	7.7	1	1	1	4	9	378	9	378	0.00659524	0.0005	0.00592857	0.00692857	42	0	42	42	
7.7	7.75	1	1	1	4	13	630	11	510	0.00629221	0.00080904	0.00492857	0.00692857	46.3636	6.0543	42	54	
7.75	7.8	1	1	1	4	19	1106	19	1058	0.00587594	0.000779864	0.00492857	0.00692857	55.6842	4.28243	54	70	
7.8	7.85	1	1	1	4	18	1276	20	1408	0.00592857	0.000917663	0.00492857	0.00692857	70.4	1.78885	70	78	
7.85	7.9	1	1	1	4	19	1482	17	1326	0.00586975	0.000826936	0.00492857	0.00692857	78	0	78	78	
7.9	7.95	1	1	1	4	19	1482	20	1560	0.00602857	0.00091191	0.00492857	0.00692857	78	0	78	78	
7.95	8	1	1	1	4	19	1482	19	1482	0.0059812	0.000848115	0.00492857	0.00692857	78	0	78	78	
8	8.05	1	1	1	4	18	1404	19	1482	0.00582331	0.000936586	0.00492857	0.00692857	78	0	78	78	
8.05	8.1	1	1	1	4	19	1482	18	1404	0.00570635	0.000878204	0.00492857	0.00692857	78	0	78	78	
8.1	8.15	1	1	1	4	19	1482	19	1482	0.0059812	0.000848115	0.00492857	0.00692857	78	0	78	78	
8.15	8.2	1	1	1	4	18	1404	18	1404	0.00603968	0.000758395	0.00492857	0.00692857	78	0	78	78	
8.2	8.25	1	1	1	4	19	1482	19	1482	0.0059812	0.000911268	0.00492857	0.00692857	78	0	78	78	
8.25	8.3	1	1	1	4	19	1482	19	1482	0.00577068	0.000898342	0.00492857	0.00692857	78	0	78	78	
8.3	8.35	1	1	1	4	18	1404	18	1404	0.0062619	0.00108465	0.00492857	0.00892857	78	0	78	78	
8.35	8.4	1	1	1	4	19	1482	19	1482	0.0059812	0.000779864	0.00492857	0.00692857	78	0	78	78	
8.4	8.45	1	1	1	4	19	1482	19	1482	0.00603383	0.000875261	0.00492857	0.00692857	78	0	78	78	
8.45	8.5	1	1	1	4	19	1482	18	1404	0.00615079	0.000808452	0.00492857	0.00692857	78	0	78	78	
8.5	8.55	1	1	1	4	18	1404	19	1482	0.00592857	0.000942809	0.00492857	0.00692857	78	0	78	78	
8.55	8.6	1	1	1	4	19	1482	19	1482	0.00608647	0.000898342	0.00492857	0.00692857	78	0	78	78	
8.6	8.65	1	1	1	4	19	1482	18	1404	0.00609524	0.000785905	0.00492857	0.00692857	78	0	78	78	
8.65	8.7	1	1	1	4	19	1482	19	1482	0.00603383	0.000809303	0.00492857	0.00692857	78	0	78	78	
8.7	8.75	1	1	1	4	18	1404	19	1482	0.00592857	0.000881917	0.00492857	0.00692857	78	0	78	78	
8.75	8.8	1	1	1	4	19	1482	18	1404	0.00603968	0.000900254	0.00492857	0.00692857	78	0	78	78	
8.8	8.85	1	1	1	4	19	1482	19	1482	0.00603383	0.000809303	0.00492857	0.00692857	78	0	78	78	
8.85	8.9	1	1	1	4	19	1482	19	1482	0.00608647	0.000898342	0.00492857	0.00692857	78	0	78	78	
8.9	8.95	1	1	1	4	18	1404	20	1560	0.00617857	0.00106992	0.00492857	0.00892857	78	0	78	78	
8.95	9	1	1	1	4	19	1482	17	1326	0.00581092	0.000781213	0.00492857	0.00692857	78	0	78	78	
9	9.05	1	1	1	4	19	1482	19	1482	0.00577068	0.000898342	0.00492857	0.00692857	78	0	78	78	
9.05	9.1	1	1	1	4	19	1482	20	1560	0.00607857	0.000812728	0.00492857	0.00692857	78	0	78	78	
9.1	9.15	1	1	1	4	18	1404	19	1482	0.0059812	0.000848115	0.00492857	0.00692857	78	0	78	78	
9.15	9.2	1	1	1	4	19	1482	17	1326	0.00586975	0.000899346	0.00492857	0.00692857	78	0	78	78	
9.2	9.25	1	1	1	4	19	1482	20	1560	0.00582857	0.000967906	0.00492857	0.00692857	78	0	78	78	
9.25	9.3	1	1	1	4	18	1404	19	1482	0.00592857	0.000881917	0.00492857	0.00692857	78	0	78	78	
9.3	9.35	1	1	1	4	19	1370	18	1316	0.00592857	0.000840168	0.00492857	0.00692857	73.1111	4.01305	70	78	
9.35	9.4	1	1	1	4	19	1130	19	1154	0.0059812	0.000779864	0.00492857	0.00692857	60.7368	4.01168	54	70	
9.4	9.45	1	1	1	4	18	804	19	870	0.00587594	0.000911268	0.00492857	0.00692857	45.7895	5.7308	42	54	
9.45	9.5	1	1	1	4	10	420	10	420	0.00632857	0.000843274	0.00492857	0.00692857	42	0	42	42	
9.5	9.55	1	1	1	4	9	378	9	378	0.0072619	0.00180278	0.00592857	0.0119286	42	0	42	42	
9.55	9.6	1	1	1	4	10	420	9	378	0.00659524	0.0005	0.00592857	0.00692857	42	0	42	42	
9.6	9.65	1	1	1	4	9	378	10	420	0.00662857	0.000483046	0.00592857	0.00692857	42	0	42	42	
9.65	9.7	1	1	1	4	9	378	9	378	0.00648413	0.000726483	0.00492857	0.00692857	42	0	42	42	
9.7	9.75	1	1	1	4	10	420	10	420	0.00662857	0.000483046	0.00592857	0.00692857	42	0	42	42	
9.75	9.8	1	1	1	4	9	378	9	378	0.00659524	0.0005	0.00592857	0.00692857	42	0	42	42	
9.8	9.85	1	1	1	4	9	378	9	378	0.00659524	0.0005	0.00592857	0.00692857	42	0	42	42	
9.85	9.9	1	1	1	4	10	420	10	420	0.00652857	0.000516398	0.00592857	0.00692857	42	0	42	42	
9.9	9.95	1	1	1	4	9	378	9	378	0.00670635	0.000440959	0.00592857	0.00692857	42	0	42	42	
9.95	10	1	1	1	4	10	420	9	378	0.00648413	0.000527046	0.00592857	0.00692857	42	0	42	42	
10	10.05	1	1	1	4	9	378	10	420	0.00662857	0.000483046	0.00592857	0.00692857	42	0	42	42	
10.05	10.1	1	1	1	4	9	378	9	378	0.00659524	0.0005	0.00592857	0.00692857	42	0	42	42	
10.1	10.15	1	1	1	4	10	420	9	378	0.00659524	0.0005	0.00592857	0.00692857	42	0	42	42	
10.15	10.2	1	1	1	4	9	378	10	420	0.00702857	0.00185293	0.00492857	0.0119286	42	0	42	42	
10.2	10.25	1	1	1	4	9	378	9	378	0.00670635	0.000440959	0.00592857	0.00692857	42	0	42	42	
10.25	10.3	1	1	1	4	10	420	9	378	0.00648413	0.000527046	0.00592857	0.00692857	42	0	42	42	
10.3	10.35	1	1	1	4	9	378	10	420	0.00662857	0.000674949	0.00492857	0.00692857	42	0	42	42	
10.35	10.4	1	1	1	4	9	378	9	378	0.00637302	0.000726483	0.00492857	0.00692857	42	0	42	42	
10.4	10.45	1	1	1	4	7	294	7	294	0.0075	0.00304725	0.00492857	0.0119286	42	0	42	42	
10.45	10.5	1	1	1	4	7	294	8	336	0.00705357	0.00304432	0.00492857	0.0119286	42	0	42	42	
10.5	10.55	1	1	1	4	8	336	7	294	0.00635714	0.00250713	0.00492857	0.0119286	42	0	42	42	
10.55	10.6	1	1	1	4	7	294	6	252	0.00642857	0.00273861	0.00492857	0.0119286	42	0	42	42	
10.6	10.65	1	1	1	4	7	294	9	378	0.00681746	0.00293447	0.00492857	0.0119286	42	0	42	42	
10.65	10.7	1	1	1	4	8	336	6	252	0.00642857	0.00273861	0.00492857	0.0119286	42	0	42	42	
10.7	10.75	1	1	1	4	7	294	8	336	0.00705357	0.00304432	0.00492857	0.0119286	42	0	42	42	
10.75	10.8	1	1	1	4	8	336	7	294	0.00907143	0.00498092	0.00492857	0.0179286	42	0	42	42	
10.8	10.85	1	1	1	4	7	294	8	336	0.00792857	0.00333809	0.00492857	0.0119286	42	0	42	42	
10.85	10.9	1	1	1	4	7	294	7	294	0.00707143	0.00333809	0.00492857	0.0119286	42	0	42	42	
10.9	10.95	1	1	1	4	7	294	8	336	0.00792857	0.00333809	0.00492857	0.0119286	42	0	42	42	
10.95	11	1	1	1	4	8	336	7	294	0.00707143	0.00333809	0.00492857	0.0119286	42	0	42	42	
11	11.05	1	1	1	4	7	294	6	252	0.00759524	0.00338625	0.00492857	0.0119286	42	0	42	42	
11.05	11.1	1	1	1	4	8	336	9	378	0.00770635	0.00319287	0.00492857	0.0119286	42	0	42	42	
11.1	11.15	1	1	1	4	7	294	6	252	0.00642857	0.00273861	0.00492857	0.0119286	42	0	42	42	
11.15	11.2	1	1	1	4	7	294	8	336	0.00692857	0.00311677	0.00492857	0.0119286	42	0	42	42	
11.2	11.25	1	1	1	4	8	336	7	294	0.00635714	0.00250713	0.00492857	0.0119286	42	0	42	42	
11.25	11.3	1	1	1	4	7	294	8	336	0.00692857	0.00311677	0.00492857	0.0119286	42	0	42	42	
11.3	11.35	1	1	1	4	7	294	7	294	0.00721429	0.00325137	0.00492857	0.0119286	42	0	42	42	
11.35	11.4	1	1	1	4	8	336	8	336	0.00867857	0.00349489	0.00492857	0.0119286	42	0	42	42	
11.4	11.45	1	1	1	4	7	294	7	294	0.00621429	0.00256348	0.00492857	0.0119286	42	0	42	42	
11.45	11.5	1	1	1	4	7	294	6	252	0.00642857	0.00273861	0.00492857	0.0119286	42	0	42	42	
11.5	11.55	1	1	1	4	8	336	9	378	0.00681746	0.00293447	0.00492857	0.0119286	42	0	42	42	
11.55	11.6	1	1	1	4	7	294	6	252	0.00642857	0.00273861	0.00492857	0.0119286	42	0	42	42	
11.6	11.65	1	1	1	4	7	294	9	378	0.00681746	0.00293447	0.00492857	0.0119286	42	0	42	42	
11.65	11.7	1	1	1	4	8	336	6	252	0.00642857	0.00273861	0.00492857	0.0119286	42	0	42	42	
11.7	11.75	1	1	1	4	7	294	8	336	0.00792857	0.00333809	0.00492857	0.0119286	42	0	42	42	
11.75	11.8	1	1	1	4	7	294	7	294	0.00721429	0.00325137	0.00492857	0.0119286	42	0	42	42	
11.8	11.85	1	1	1	4	8	336	8	336	0.00792857	0.00333809	0.00492857	0.0119286	42	0	42	42	
11.85	11.9	1	1	1	4	7	294	7	294	0.00721429	0.00325137	0.00492857	0.0119286	42	0	42	42	
11.9	11.95	1	1	1	4	7	294	8	336	0.00792857	0.00333809	0.00492857	0.0119286	42	0	42	42	
11.95	12	1	1	1	4	8	336	7	294	0.00907143	0.00498092	0.00492857	0.0179286	42	0	42	42	
12	12.05	1	1	1	4	7	294	6	252	0.0077619	0.00325064	0.00492857	0.0119286	42	0	42	42	
12.05	12.1	1	1	1	4	7	294	9	378	0.00748413	0.00335824	0.00492857	0.0119286	42	0	42	42	
12.1	12.15	1	1	1	4	8	336	6	252	0.00642857	0.00273861	0.00492857	0.0119286	42	0	42	42	
12.15	12.2	1	1	1	4	7	294	7	294	0.00721429	0.00325137	0.00492857	0.0119286	42	0	42	42	
12.2	12.25	1	1	1	4	7	294	8	336	0.00705357	0.00304432	0.00492857	0.0119286	42	0	42	42	
12.25	12.3	1	1	1	4	8	336	7	294	0.00721429	0.00325137	0.00492857	0.0119286	42	0	42	42	
12.3	12.35	1	1	1	4	7	294	8	336	0.00867857	0.00349489	0.00492857	0.0119286	42	0	42	42	
12.35	12.4	1	1	1	4	8	336	8	336	0.00705357	0.00304432	0.00492857	0.0119286	42	0	42	42	
12.4	12.45	1	1	1	4	7	294	7	294	0.00635714	0.00250713	0.00492857	0.0119286	42	0	42	42	
12.45	12.5	1	1	1	4	7	294	6	252	0.00642857	0.00273861	0.00492857	0.0119286	42	0	42	42	
12.5	12.55	1	1	1	4	7	294	9	378	0.00692857	0.00287228	0.00492857	0.0119286	42	0	42	42	
12.55	12.6	1	1	1	4	8	336	6	252	0.00642857	0.00273861	0.00492857	0.0119286	42	0	42	42	
12.6	12.65	1	1	1	4	7	294	8	336	0.00692857	0.00311677	0.00492857	0.0119286	42	0	42	42	
12.65	12.7	1	1	1	4	8	336	7	294	0.00735714	0.00315474	0.00492857	0.0119286	42	0	42	42	
12.7	12.75	1	1	1	4	7	294	8	336	0.00955357	0.00459619	0.00492857	0.0179286	42	0	42	42	
12.75	12.8	1	1	1	4	7	294	7	294	0.00721429	0.00325137	0.00492857	0.0119286	42	0	42	42	
12.8	12.85	1	1	1	4	8	336	8	336	0.00780357	0.00344083	0.00492857	0.0119286	42	0	42	42	
12.85	12.9	1	1	1	4	7	294	7	294	0.00721429	0.00325137	0.00492857	0.0119286	42	0	42	42	
12.9	12.95	1	1	1	4	7	294	8	336	0.00780357	0.00344083	0.00492857	0.0119286	42	0	42	42	
12.95	13	1	1	1	4	8	336	7	294	0.00735714	0.00315474	0.00492857	0.0119286	42	0	42	42	
13	13.05	1	1	1	4	6	252	7	294	0.00607143	0.00260951	0.00492857	0.0119286	42	0	42	42	
13.05	13.1	1	1	1	4	7	294	6	252	0.0092619	0.0034448	0.00492857	0.0119286	42	0	42	42	
13.1	13.15	1	1	1	4	7	294	7	294	0.00764286	0.00345033	0.00492857	0.0119286	42	0	42	42	
13.15	13.2	1	1	1	4	6	252	7	294	0.00864286	0.00354562	0.00492857	0.0119286	42	0	42	42	
13.2	13.25	1	1	1	4	7	294	6	252	0.00809524	0.00354495	0.00492857	0.0119286	42	0	42	42	
13.25	13.3	1	1	1	4	6	252	6	252	0.00742857	0.00294958	0.00492857	0.0119286	42	0	42	42	
13.3	13.35	1	1	1	4	7	294	7	294	0.0075	0.00335942	0.00492857	0.0119286	42	0	42	42	
13.35	13.4	1	1	1	4	7	294	6	252	0.0072619	0.00361478	0.00492857	0.0119286	42	0	42	42	
13.4	13.45	1	1	1	4	6	252	8	336	0.00867857	0.00328416	0.00492857	0.0119286	42	0	42	42	
13.45	13.5	1	1	1	4	7	294	5	210	0.00792857	0.003	0.00492857	0.0119286	42	0	42	42	
13.5	13.55	1	1	1	4	6	252	7	294	0.00792857	0.00374166	0.00492857	0.0119286	42	0	42	42	
13.55	13.6	1	1	1	4	7	294	7	294	0.00878571	0.00291139	0.00492857	0.0119286	42	0	42	42	
13.6	13.65	1	1	1	4	6	252	7	294	0.00764286	0.00345033	0.00492857	0.0119286	42	0	42	42	
13.65	13.7	1	1	1	4	7	294	5	210	0.00772857	0.00383406	0.00492857	0.0119286	42	0	42	42	
13.7	13.75	1	1	1	4	7	294	8	336	0.00717857	0.00324037	0.00492857	0.0119286	42	0	42	42	
13.75	13.8	1	1	1	4	6	252	6	252	0.0087619	0.00318852	0.00492857	0.0119286	42	0	42	42	
13.8	13.85	1	1	1	4	7	294	7	294	0.0075	0.00335942	0.00492857	0.0119286	42	0	42	42	
13.85	13.9	1	1	1	4	6	252	6	252	0.00809524	0.00354495	0.00492857	0.0119286	42	0	42	42	
13.9	13.95	1	1	1	4	7	294	6	252	0.00892857	0.0032249	0.00492857	0.0119286	42	0	42	42	
13.95	14	1	1	1	4	7	294	7	294	0.00792857	0.00374166	0.00492857	0.0119286	42	0	42	42	
14	14.05	1	1	1	4	6	252	7	294	0.00792857	0.00374166	0.00492857	0.0119286	42	0	42	42	
14.05	14.1	1	1	1	4	7	294	7	294	0.00878571	0.00291139	0.00492857	0.0119286	42	0	42	42	
14.1	14.15	1	1	1	4	6	252	7	294	0.0065	0.00282	0.00492857	0.0119286	42	0	42	42	
14.15	14.2	1	1	1	4	7	294	5	210	0.00772857	0.00383406	0.00492857	0.0119286	42	0	42	42	
14.2	14.25	1	1	1	4	7	294	8	336	0.00805357	0.0034821	0.00492857	0.0119286	42	0	42	42	
14.25	14.3	1	1	1	4	6	252	6	252	0.0087619	0.00318852	0.00492857	0.0119286	42	0	42	42	
14.3	14.35	1	1	1	4	7	294	7	294	0.0075	0.00335942	0.00492857	0.0119286	42	0	42	42	
14.35	14.4	1	1	1	4	6	252	7	294	0.00821429	0.00325137	0.00492857	0.0119286	42	0	42	42	
14.4	14.45	1	1	1	4	7	294	6	252	0.00742857	0.00294958	0.00492857	0.0119286	42	0	42	42	
14.45	14.5	1	1	1	4	7	294	6	252	0.0072619	0.00361478	0.00492857	0.0119286	42	0	42	42	
14.5	14.55	1	1	1	4	6	252	6	252	0.00842857	0.00383406	0.00492857	0.0119286	42	0	42	42	
14.55	14.6	1	1	1	4	7	294	7	294	0.00821429	0.00325137	0.00492857	0.0119286	42	0	42	42	
14.6	14.65	1	1	1	4	6	252	7	294	0.00807143	0.00318479	0.00492857	0.0119286	42	0	42	42	
14.65	14.7	1	1	1	4	7	294	6	252	0.0092619	0.0034448	0.00492857	0.0119286	42	0	42	42	
14.7	14.75	1	1	1	4	6	252	8	336	0.00817857	0.00353553	0.00492857	0.0119286	42	0	42	42	
14.75	14.8	1	1	1	4	7	294	5	210	0.00712857	0.00319374	0.00492857	0.0119286	42	0	42	42	
14.8	14.85	1	1	1	4	7	294	8	336	0.00755357	0.00362284	0.00492857	0.0119286	42	0	42	42	
14.85	14.9	1	1	1	4	6	252	6	252	0.0087619	0.00318852	0.00492857	0.0119286	42	0	42	42	
14.9	14.95	1	1	1	4	7	294	7	294	0.00707143	0.00285357	0.00492857	0.0119286	42	0	42	42	
14.95	15	1	1	1	4	6	252	7	294	0.00792857	0.00374166	0.00492857	0.0119286	42	0	42	42	
15	15.05	1	1	1	4	7	294	5	210	0.00872857	0.00356371	0.00492857	0.0119286	42	0	42	42	
15.05	15.1	1	1	1	4	7	294	7	294	0.00821429	0.00325137	0.00492857	0.0119286	42	0	42	42	
15.1	15.15	1	1	1	4	6	252	7	294	0.0075	0.00335942	0.00492857	0.0119286	42	0	42	42	
15.15	15.2	1	1	1	4	7	294	6	252	0.00809524	0.00354495	0.00492857	0.0119286	42	0	42	42	
15.2	15.25	1	1	1	4	6	252	8	336	0.00767857	0.00315096	0.00492857	0.0119286	42	0	42	42	
15.25	15.3	1	1	1	4	7	294	5	210	0.00712857	0.00319374	0.00492857	0.0119286	42	0	42	42	
15.3	15.35	1	1	1	4	6	252	8	336	0.00817857	0.00353553	0.00492857	0.0119286	42	0	42	42	
15.35	15.4	1	1	1	4	7	294	6	252	0.0087619	0.00318852	0.00492857	0.0119286	42	0	42	42	
15.4	15.45	1	1	1	4	7	294	7	294	0.00807143	0.00318479	0.00492857	0.0119286	42	0	42	42	
15.45	15.5	1	1	1	4	6	252	7	294	0.00892857	0.00374166	0.00492857	0.0119286	42	0	42	42	
15.5	15.55	1	1	1	4	7	294	5	210	0.00872857	0.00356371	0.00492857	0.0119286	42	0	42	42	
15.55	15.6	1	1	1	4	6	252	8	336	0.00780357	0.00322656	0.00492857	0.0119286	42	0	42	42	
15.6	15.65	1	1	1	4	7	294	6	252	0.0072619	0.00361478	0.00492857	0.0119286	42	0	42	42	
15.65	15.7	1	1	1	4	7	294	6	252	0.00842857	0.00383406	0.00492857	0.0119286	42	0	42	42	
15.7	15.75	1	1	1	4	6	252	8	336	0.00792857	0.00333809	0.00492857	0.0119286	42	0	42	42	
15.75	15.8	1	1	1	4	7	294	5	210	0.00852857	0.00350714	0.00492857	0.0119286	42	0	42	42	
15.8	15.85	1	1	1	4	6	252	8	336	0.00817857	0.00353553	0.00492857	0.0119286	42	0	42	42	
15.85	15.9	1	1	1	4	7	294	6	252	0.00859524	0.00314113	0.00492857	0.0119286	42	0	42	42	
15.9	15.95	1	1	1	4	6	252	7	294	0.0065	0.00282	0.00492857	0.0119286	42	0	42	42	
15.95	16	1	1	1	4	7	294	5	210	0.00772857	0.00383406	0.00492857	0.0119286	42	0	42	42	
16	16.05	1	1	1	4	7	294	8	336	0.00867857	0.00328416	0.00492857	0.0119286	42	0	42	42	
16.05	16.1	1	1	1	4	6	252	7	294	0.00707143	0.00285357	0.00492857	0.0119286	42	0	42	42	
16.1	16.15	1	1	1	4	7	294	5	210	0.00772857	0.00383406	0.00492857	0.0119286	42	0	42	42	
16.15	16.2	1	1	1	4	6	252	8	336	0.00867857	0.00328416	0.00492857	0.0119286	42	0	42	42	
16.2	16.25	1	1	1	4	7	294	6	252	0.00759524	0.00307679	0.00492857	0.0119286	42	0	42	42	
16.25	16.3	1	1	1	4	7	294	6	252	0.00842857	0.00383406	0.00492857	0.0119286	42	0	42	42	
16.3	16.35	1	1	1	4	6	252	8	336	0.00817857	0.00353553	0.00492857	0.0119286	42	0	42	42	
16.35	16.4	1	1	1	4	7	294	5	210	0.00732857	0.00336155	0.00492857	0.0119286	42	0	42	42	
16.4	16.45	1	1	1	4	6	252	8	336	0.00717857	0.00324037	0.00492857	0.0119286	42	0	42	42	
16.45	16.5	1	1	1	4	6	252	5	210	0.00932857	0.00296648	0.00492857	0.0119286	42	0	42	42	
16.5	16.55	1	1	1	4	5	210	5	210	0.0115286	0.000547723	0.0109286	0.0119286	42	0	42	42	
16.55	16.6	1	1	1	4	5	210	5	210	0.0121286	0.00576194	0.00792857	0.0219286	42	0	42	42	
16.6	16.65	1	1	1	4	4	168	4	168	0.0164286	0.00635085	0.0109286	0.0219286	42	0	42	42	
16.65	16.7	1	1	1	4	5	210	5	210	0.0103286	0.00219089	0.00792857	0.0119286	42	0	42	42	
16.7	16.75	1	1	1	4	5	210	5	210	0.0123286	0.00559464	0.00792857	0.0219286	42	0	42	42	
16.75	16.8	1	1	1	4	5	210	4	168	0.0101786	0.00206155	0.00792857	0.0119286	42	0	42	42	
16.8	16.85	1	1	1	4	5	210	6	252	0.0120952	0.00515429	0.00792857	0.0219286	42	0	42	42	
16.85	16.9	1	1	1	4	5	210	4	168	0.0131786	0.00607591	0.00792857	0.0219286	42	0	42	42	
16.9	16.95	1	1	1	4	4	168	4	168	0.0101786	0.00206155	0.00792857	0.0119286	42	0	42	42	
16.95	17	1	1	1	4	5	210	6	252	0.0120952	0.00515429	0.00792857	0.0219286	42	0	42	42	
17	17.05	1	1	1	4	5	210	5	210	0.0129286	0.0052915	0.00792857	0.0219286	42	0	42	42	
17.05	17.1	1	1	1	4	5	210	5	210	0.0121286	0.00576194	0.00792857	0.0219286	42	0	42	42	
17.1	17.15	1	1	1	4	5	210	5	210	0.0103286	0.00219089	0.00792857	0.0119286	42	0	42	42	
17.15	17.2	1	1	1	4	5	210	5	210	0.0123286	0.00559464	0.00792857	0.0219286	42	0	42	42	
17.2	17.25	1	1	1	4	4	168	4	168	0.0131786	0.00607591	0.00792857	0.0219286	42	0	42	42	
17.25	17.3	1	1	1	4	5	210	5	210	0.0103286	0.00219089	0.00792857	0.0119286	42	0	42	42	
17.3	17.35	1	1	1	4	5	210	5	210	0.0123286	0.00559464	0.00792857	0.0219286	42	0	42	42	
17.35	17.4	1	1	1	4	5	210	4	168	0.0101786	0.00206155	0.00792857	0.0119286	42	0	42	42	
17.4	17.45	1	1	1	4	5	210	6	252	0.0120952	0.00515429	0.00792857	0.0219286	42	0	42	42	
17.45	17.5	1	1	1	4	4	168	4	168	0.0131786	0.00607591	0.00792857	0.0219286	42	0	42	42	
17.5	17.55	1	1	1	4	5	210	4	168	0.0101786	0.00206155	0.00792857	0.0119286	42	0	42	42	
17.55	17.6	1	1	1	4	5	210	6	252	0.0120952	0.00515429	0.00792857	0.0219286	42	0	42	42	
17.6	17.65	1	1	1	4	5	210	5	210	0.0129286	0.0052915	0.00792857	0.0219286	42	0	42	42	
17.65	17.7	1	1	1	4	5	210	5	210	0.0121286	0.00576194	0.00792857	0.0219286	42	0	42	42	
17.7	17.75	1	1	1	4	5	210	4	168	0.00992857	0.0023094	0.00792857	0.0119286	42	0	42	42	
17.75	17.8	1	1	1	4	4	168	6	252	0.0122619	0.00500666	0.00792857	0.0219286	42	0	42	42	
17.8	17.85	1	1	1	4	5	210	4	168	0.0131786	0.00607591	0.00792857	0.0219286	42	0	42	42	
17.85	17.9	1	1	1	4	5	210	5	210	0.0103286	0.00219089	0.00792857	0.0119286	42	0	42	42	
17.9	17.95	1	1	1	4	5	210	5	210	0.0123286	0.00559464	0.00792857	0.0219286	42	0	42	42	
17.95	18	1	1	1	4	5	210	4	168	0.0101786	0.00206155	0.00792857	0.0119286	42	0	42	42	
18	18.05	1	1	1	4	5	210	6	252	0.0120952	0.00515429	0.00792857	0.0219286	42	0	42	42	
18.05	18.1	1	1	1	4	4	168	4	168	0.0131786	0.00607591	0.00792857	0.0219286	42	0	42	42	
18.1	18.15	1	1	1	4	5	210	4	168	0.0101786	0.00206155	0.00792857	0.0119286	42	0	42	42	
18.15	18.2	1	1	1	4	5	210	6	252	0.0120952	0.00515429	0.00792857	0.0219286	42	0	42	42	
18.2	18.25	1	1	1	4	5	210	5	210	0.0129286	0.0052915	0.00792857	0.0219286	42	0	42	42	
18.25	18.3	1	1	1	4	5	210	5	210	0.0121286	0.00576194	0.00792857	0.0219286	42	0	42	42	
18.3	18.35	1	1	1	4	5	210	4	168	0.00992857	0.0023094	0.00792857	0.0119286	42	0	42	42	
18.35	18.4	1	1	1	4	4	168	6	252	0.0122619	0.00500666	0.00792857	0.0219286	42	0	42	42	
18.4	18.45	1	1	1	4	5	210	4	168	0.0131786	0.00607591	0.00792857	0.0219286	42	0	42	42	
18.45	18.5	1	1	1	4	5	210	5	210	0.0103286	0.00219089	0.00792857	0.0119286	42	0	42	42	
18.5	18.55	1	1	1	4	5	210	5	210	0.0123286	0.00559464	0.00792857	0.0219286	42	0	42	42	
18.55	18.6	1	1	1	4	5	210	4	168	0.0101786	0.00206155	0.00792857	0.0119286	42	0	42	42	
18.6	18.65	1	1	1	4	5	210	6	252	0.0120952	0.00515429	0.00792857	0.0219286	42	0	42	42	
18.65	18.7	1	1	1	4	4	168	4	168	0.0131786	0.00607591	0.00792857	0.0219286	42	0	42	42	
18.7	18.75	1	1	1	4	5	210	4	168	0.0101786	0.00206155	0.00792857	0.0119286	42	0	42	42	
18.75	18.8	1	1	1	4	5	210	6	252	0.0120952	0.00515429	0.00792857	0.0219286	42	0	42	42	
18.8	18.85	1	1	1	4	5	210	5	210	0.0129286	0.0052915	0.00792857	0.0219286	42	0	42	42	
18.85	18.9	1	1	1	4	5	210	5	210	0.0121286	0.00576194	0.00792857	0.0219286	42	0	42	42	
18.9	18.95	1	1	1	4	4	168	4	168	0.00992857	0.0023094	0.00792857	0.0119286	42	0	42	42	
18.95	19	1	1	1	4	5	210	5	210	0.0131286	0.00506952	0.00892857	0.0219286	42	0	42	42	
19	19.05	1	1	1	4	5	210	5	210	0.0121286	0.00576194	0.00792857	0.0219286	42	0	42	42	
19.05	19.1	1	1	1	4	5	210	5	210	0.0103286	0.00219089	0.00792857	0.0119286	42	0	42	42	
19.1	19.15	1	1	1	4	5	210	5	210	0.0123286	0.00559464	0.00792857	0.0219286	42	0	42	42	
19.15	19.2	1	1	1	4	5	210	4	168	0.0101786	0.00206155	0.00792857	0.0119286	42	0	42	42	
19.2	19.25	1	1	1	4	4	168	6	252	0.0120952	0.00515429	0.00792857	0.0219286	42	0	42	42	
19.25	19.3	1	1	1	4	5	210	4	168	0.0131786	0.00607591	0.00792857	0.0219286	42	0	42	42	
19.3	19.35	1	1	1	4	3	126	4	168	0.00792857	0.002	0.00692857	0.0109286	42	0	42	42	
19.35	19.4	1	1	1	4	4	168	3	126	0.0062619	0.00057735	0.00592857	0.00692857	42	0	42	42	
19.4	19.45	1	1	1	4	3	126	4	168	0.00692857	0.000816497	0.00592857	0.00792857	42	0	42	42	
19.45	19.5	1	1	1	4	3	126	3	126	0.0072619	0.00057735	0.00692857	0.00792857	42	0	42	42	
19.5	19.55	1	1	1	4	4	168	3	126	0.00592857	0.001	0.00492857	0.00692857	42	0	42	42	
19.55	19.6	1	1	1	4	3	126	4	168	0.00717857	0.0005	0.00692857	0.00792857	42	0	42	42	
19.6	19.65	1	1	1	4	3	126	3	126	0.0062619	0.0011547	0.00492857	0.00692857	42	0	42	42	
19.65	19.7	1	1	1	4	4	168	3	126	0.0062619	0.0011547	0.00492857	0.00692857	42	0	42	42	
19.7	19.75	1	1	1	4	3	126	4	168	0.00642857	0.00057735	0.00592857	0.00692857	42	0	42	42	
19.75	19.8	1	1	1	4	4	168	3	126	0.0072619	0.00057735	0.00692857	0.00792857	42	0	42	42	
19.8	19.85	1	1	1	4	3	126	3	126	0.00659524	0.00057735	0.00592857	0.00692857	42	0	42	42	
19.85	19.9	1	1	1	4	3	126	4	168	0.00692857	0.000816497	0.00592857	0.00792857	42	0	42	42	
19.9	19.95	1	1	1	4	4	168	3	126	0.00659524	0.00057735	0.00592857	0.00692857	42	0	42	42	
19.95	20	1	1	1	4	3	126	3	126	0.00659524	0.00057735	0.00592857	0.00692857	42	0	42	42	
20	20.05	1	1	1	4	3	126	4	168	0.00717857	0.0005	0.00692857	0.00792857	42	0	42	42	
20.05	20.1	1	1	1	4	4	168	3	126	0.00659524	0.00057735	0.00592857	0.00692857	42	0	42	42	
20.1	20.15	1	1	1	4	3	126	4	168	0.00692857	0	0.00692857	0.00692857	42	0	42	42	
20.15	20.2	1	1	1	4	3	126	3	126	0.00659524	0.00057735	0.00592857	0.00692857	42	0	42	42	
20.2	20.25	1	1	1	4	4	168	3	126	0.00692857	0.001	0.00592857	0.00792857	42	0	42	42	
20.25	20.3	1	1	1	4	3	126	4	168	0.00692857	0.000816497	0.00592857	0.00792857	42	0	42	42	
20.3	20.35	1	1	1	4	4	168	3	126	0.0072619	0.00057735	0.00692857	0.00792857	42	0	42	42	
20.35	20.4	1	1	1	4	3	126	3	126	0.00659524	0.00057735	0.00592857	0.00692857	42	0	42	42	
20.4	20.45	1	1	1	4	3	126	4	168	0.00692857	0.000816497	0.00592857	0.00792857	42	0	42	42	
20.45	20.5	1	1	1	4	4	168	3	126	0.00692857	0.001	0.00592857	0.00792857	42	0	42	42	
20.5	20.55	1	1	1	4	3	126	4	168	0.00692857	0.000816497	0.00592857	0.00792857	42	0	42	42	
20.55	20.6	1	1	1	4	3	126	3	126	0.00692857	0.001	0.00592857	0.00792857	42	0	42	42	
20.6	20.65	1	1	1	4	3	126	2	84	0.00692857	0	0.00692857	0.00692857	42	0	42	42	
20.65	20.7	2	1	1	4	5	258	4	216	0.00667857	0.0035	0.00492857	0.0119286	54	0	54	54	
20.7	20.75	2	1	1	4	7	294	6	252	0.0072619	0.00361478	0.00492857	0.0119286	42	0	42	42	
20.75	20.8	2	1	1	4	7	294	9	378	0.00737302	0.00269774	0.00492857	0.0119286	42	0	42	42	
20.8	20.85	2	1	1	4	5	210	4	168	0.00967857	0.00262996	0.00692857	0.0119286	42	0	42	42	
20.85	20.9	2	1	1	4	5	210	5	210	0.0103286	0.00181659	0.00792857	0.0119286	42	0	42	42	
20.9	20.95	2	1	1	4	5	210	4	168	0.00942857	0.00173205	0.00792857	0.0109286	42	0	42	42	
20.95	21	2	1	1	4	4	168	6	252	0.0105952	0.00175119	0.00792857	0.0119286	42	0	42	42	
21	21.05	2	1	1	4	5	210	4	168	0.0109286	0.00141421	0.00892857	0.0119286	42	0	42	42	
21.05	21.1	2	1	1	4	5	210	5	210	0.00972857	0.00164317	0.00792857	0.0109286	42	0	42	42	
21.1	21.15	2	1	1	4	5	210	5	210	0.0101286	0.00216795	0.00692857	0.0119286	42	0	42	42	
21.15	21.2	2	1	1	4	5	210	5	210	0.0127286	0.00554076	0.00692857	0.0219286	42	0	42	42	
21.2	21.25	2	1	1	4	5	210	5	210	0.0123286	0.00559464	0.00792857	0.0219286	42	0	42	42	
21.25	21.3	2	1	1	4	4	168	4	168	0.0131786	0.00607591	0.00792857	0.0219286	42	0	42	42	
21.3	21.35	2	1	1	4	8	408	7	342	0.0102143	0.00567786	0.00592857	0.0219286	48.8571	6.41427	42	54	
21.35	21.4	2	1	1	4	9	510	10	556	0.00682857	0.000567646	0.00592857	0.00792857	55.6	3.3731	54	62	
21.4	21.45	2	1	1	4	10	620	10	620	0.00722857	0.00170294	0.00592857	0.0119286	62	0	62	62	
21.45	21.5	2	1	1	4	10	644	9	566	0.00715079	0.00198606	0.00492857	0.0119286	62.8889	2.66667	62	70	
21.5	21.55	2	1	1	4	9	630	10	700	0.00672857	0.000421637	0.00592857	0.00692857	70	0	70	70	
21.55	21.6	2	1	1	4	10	764	10	756	0.00722857	0.00170294	0.00592857	0.0119286	75.6	3.86437	70	78	
21.6	21.65	2	1	1	4	10	780	9	702	0.0072619	0.00187083	0.00592857	0.0119286	78	0	78	78	
21.65	21.7	2	1	1	4	9	702	10	780	0.00682857	0.000567646	0.00592857	0.00792857	78	0	78	78	
21.7	21.75	2	1	1	4	10	780	9	702	0.00715079	0.00185592	0.00592857	0.0119286	78	0	78	78	
21.75	21.8	2	1	1	4	9	702	10	780	0.00732857	0.0017127	0.00592857	0.0119286	78	0	78	78	
21.8	21.85	2	1	1	4	10	780	10	780	0.00722857	0.00176698	0.00592857	0.0119286	78	0	78	78	
21.85	21.9	2	1	1	4	10	780	9	702	0.00737302	0.00174005	0.00592857	0.0119286	78	0	78	78	
21.9	21.95	2	1	1	4	9	702	10	780	0.00732857	0.0017127	0.00592857	0.0119286	78	0	78	78	
21.95	22	2	1	1	4	10	780	10	780	0.00652857	0.000699206	0.00492857	0.00692857	78	0	78	78	
22	22.05	2	1	1	4	10	780	9	702	0.00715079	0.00185592	0.00592857	0.0119286	78	0	78	78	
22.05	22.1	2	1	1	4	9	702	10	780	0.00712857	0.0018738	0.00492857	0.0119286	78	0	78	78	
22.1	22.15	2	1	1	4	10	780	9	702	0.00659524	0.0005	0.00592857	0.00692857	78	0	78	78	
22.15	22.2	2	1	1	4	9	702	10	780	0.00732857	0.0017127	0.00592857	0.0119286	78	0	78	78	
22.2	22.25	2	1	1	4	10	780	10	780	0.00722857	0.00176698	0.00592857	0.0119286	78	0	78	78	
22.25	22.3	2	1	1	4	10	780	9	702	0.00670635	0.000440959	0.00592857	0.00692857	78	0	78	78	
22.3	22.35	2	1	1	4	9	702	10	780	0.00772857	0.00229976	0.00592857	0.0119286	78	0	78	78	
22.35	22.4	2	1	1	4	10	780	10	780	0.00732857	0.0017127	0.00592857	0.0119286	78	0	78	78	
22.4	22.45	2	1	1	4	10	780	9	702	0.00659524	0.0005	0.00592857	0.00692857	78	0	78	78	
22.45	22.5	2	1	1	4	9	702	10	780	0.00742857	0.00164992	0.00592857	0.0119286	78	0	78	78	
22.5	22.55	2	1	1	4	10	780	10	780	0.00732857	0.0017127	0.00592857	0.0119286	78	0	78	78	
22.55	22.6	2	1	1	4	10	780	10	780	0.00652857	0.000699206	0.00492857	0.00692857	78	0	78	78	
22.6	22.65	2	1	1	4	9	702	9	702	0.00715079	0.00185592	0.00592857	0.0119286	78	0	78	78	
22.65	22.7	2	1	1	4	10	780	10	780	0.00732857	0.0017127	0.00592857	0.0119286	78	0	78	78	
22.7	22.75	2	1	1	4	10	780	9	702	0.00659524	0.0005	0.00592857	0.00692857	78	0	78	78	
22.75	22.8	2	1	1	4	9	702	10	780	0.00732857	0.0017127	0.00592857	0.0119286	78	0	78	78	
22.8	22.85	2	1	1	4	10	780	9	702	0.0072619	0.00180278	0.00592857	0.0119286	78	0	78	78	
22.85	22.9	2	1	1	4	9	702	10	780	0.00722857	0.00170294	0.00592857	0.0119286	78	0	78	78	
22.9	22.95	2	1	1	4	10	780	10	780	0.00722857	0.00176698	0.00592857	0.0119286	78	0	78	78	
22.95	23	2	1	1	4	10	780	9	702	0.00748413	0.00174005	0.00592857	0.0119286	78	0	78	78	
23	23.05	2	1	1	4	9	702	10	780	0.00662857	0.000483046	0.00592857	0.00692857	78	0	78	78	
23.05	23.1	2	1	1	4	10	780	10	780	0.00742857	0.00164992	0.00592857	0.0119286	78	0	78	78	
23.1	23.15	2	1	1	4	10	780	9	702	0.0072619	0.00180278	0.00592857	0.0119286	78	0	78	78	
23.15	23.2	2	1	1	4	9	702	10	780	0.00672857	0.000421637	0.00592857	0.00692857	78	0	78	78	
23.2	23.25	2	1	1	4	10	780	9	702	0.00692857	0.002	0.00492857	0.0119286	78	0	78	78	
23.25	23.3	2	1	1	4	9	702	9	702	0.00681746	0.000600925	0.00592857	0.00792857	78	0	78	78	
23.3	23.35	2	1	1	4	10	780	11	858	0.00711039	0.00166242	0.00592857	0.0119286	78	0	78	78	
23.35	23.4	2	1	1	4	10	780	9	702	0.00737302	0.00181046	0.00592857	0.0119286	78	0	78	78	
23.4	23.45	2	1	1	4	9	702	10	780	0.00772857	0.00225093	0.00592857	0.0119286	78	0	78	78	
23.45	23.5	2	1	1	4	10	780	10	780	0.00672857	0.000421637	0.00592857	0.00692857	78	0	78	78	
23.5	23.55	2	1	1	4	10	780	9	702	0.00737302	0.00174005	0.00592857	0.0119286	78	0	78	78	
23.55	23.6	2	1	1	4	9	702	10	780	0.00742857	0.00164992	0.00592857	0.0119286	78	0	78	78	
23.6	23.65	2	1	1	4	10	780	9	702	0.00659524	0.0005	0.00592857	0.00692857	78	0	78	78	
23.65	23.7	2	1	1	4	9	702	10	780	0.00712857	0.0018738	0.00492857	0.0119286	78	0	78	78	
23.7	23.75	2	1	1	4	10	780	10	780	0.00722857	0.00170294	0.00592857	0.0119286	78	0	78	78	
23.75	23.8	2	1	1	4	10	780	9	702	0.00670635	0.000440959	0.00592857	0.00692857	78	0	78	78	
23.8	23.85	2	1	1	4	10	780	10	780	0.00722857	0.00170294	0.00592857	0.0119286	78	0	78	78	
23.85	23.9	2	1	1	4	13	1014	14	1092	0.00678571	0.0020327	0.00492857	0.0119286	78	0	78	78	
23.9	23.95	2	1	1	4	13	1014	13	1014	0.00562088	0.00103155	0.00492857	0.00792857	78	0	78	78	
23.95	24	2	1	1	4	13	1014	13	1014	0.00608242	0.00162512	0.00492857	0.00892857	78	0	78	78	
24	24.05	2	1	1	4	14	1092	12	936	0.00667857	0.00160255	0.00492857	0.00892857	78	0	78	78	
24.05	24.1	2	1	1	4	13	1014	14	1092	0.00614286	0.00142389	0.00492857	0.00792857	78	0	78	78	
24.1	24.15	2	1	1	4	13	1014	14	1092	0.00671429	0.00147693	0.00492857	0.00792857	78	0	78	78	
24.15	24.2	2	1	1	4	13	1014	13	1014	0.00639011	0.00161325	0.00492857	0.00892857	78	0	78	78	
24.2	24.25	2	1	1	4	13	998	12	936	0.00617857	0.0013568	0.00492857	0.00792857	78	0	78	78	
24.25	24.3	2	1	1	4	13	854	14	932	0.00571429	0.00147693	0.00492857	0.00892857	66.5714	4.10842	62	70	
24.3	24.35	2	1	1	4	14	728	12	664	0.00642857	0.00162369	0.00492857	0.00892857	55.3333	3.114	54	62	
24.35	24.4	2	1	1	4	12	504	15	630	0.0062619	0.00149603	0.00492857	0.00792857	42	0	42	42	
24.4	24.45	2	1	1	4	7	294	5	210	0.00792857	0.00367423	0.00492857	0.0119286	42	0	42	42	
24.45	24.5	2	1	1	4	6	252	8	336	0.00780357	0.00322656	0.00492857	0.0119286	42	0	42	42	
24.5	24.55	2	1	1	4	7	294	5	210	0.00872857	0.00356371	0.00492857	0.0119286	42	0	42	42	
24.55	24.6	2	1	1	4	6	252	8	336	0.00717857	0.00324037	0.00492857	0.0119286	42	0	42	42	
24.6	24.65	2	1	1	4	7	294	5	210	0.00792857	0.003	0.00492857	0.0119286	42	0	42	42	
24.65	24.7	2	1	1	4	7	294	8	336	0.00842857	0.00374166	0.00492857	0.0119286	42	0	42	42	
24.7	24.75	2	1	1	4	6	252	7	294	0.0075	0.00335942	0.00492857	0.0119286	42	0	42	42	
24.75	24.8	2	1	1	4	7	294	5	210	0.00652857	0.00219089	0.00492857	0.00892857	42	0	42	42	
24.8	24.85	2	1	1	4	6	252	7	294	0.00864286	0.00354562	0.00492857	0.0119286	42	0	42	42	
24.85	24.9	2	1	1	4	7	294	7	294	0.00892857	0.00374166	0.00492857	0.0119286	42	0	42	42	
24.9	24.95	2	1	1	4	7	294	6	252	0.00759524	0.00307679	0.00492857	0.0119286	42	0	42	42	
24.95	25	2	1	1	4	6	252	8	336	0.00805357	0.0034821	0.00492857	0.0119286	42	0	42	42	
25	25.05	2	1	1	4	7	294	5	210	0.00772857	0.00383406	0.00492857	0.0119286	42	0	42	42	
25.05	25.1	2	1	1	4	6	252	8	336	0.00730357	0.00333542	0.00492857	0.0119286	42	0	42	42	
25.1	25.15	2	1	1	4	7	294	5	210	0.00852857	0.00350714	0.00492857	0.0119286	42	0	42	42	
25.15	25.2	2	1	1	4	6	252	8	336	0.00905357	0.0034821	0.00492857	0.0119286	42	0	42	42	
25.2	25.25	2	1	1	4	7	294	6	252	0.00792857	0.0034641	0.00492857	0.0119286	42	0	42	42	
25.25	25.3	2	1	1	4	7	294	6	252	0.00759524	0.00307679	0.00492857	0.0119286	42	0	42	42	
25.3	25.35	2	1	1	4	6	252	8	336	0.00905357	0.0034821	0.00492857	0.0119286	42	0	42	42	
25.35	25.4	2	1	1	4	7	294	6	252	0.0072619	0.00361478	0.00492857	0.0119286	42	0	42	42	
25.4	25.45	2	1	1	4	6	252	6	252	0.00742857	0.00294958	0.00492857	0.0119286	42	0	42	42	
25.45	25.5	2	1	1	4	7	294	7	294	0.00807143	0.00318479	0.00492857	0.0119286	42	0	42	42	
25.5	25.55	2	1	1	4	7	294	6	252	0.0072619	0.00361478	0.00492857	0.0119286	42	0	42	42	
25.55	25.6	2	1	1	4	6	252	8	336	0.00767857	0.00315096	0.00492857	0.0119286	42	0	42	42	
25.6	25.65	2	1	1	4	7	294	5	210	0.00872857	0.00356371	0.00492857	0.0119286	42	0	42	42	
25.65	25.7	2	1	1	4	6	252	8	336	0.00817857	0.00353553	0.00492857	0.0119286	42	0	42	42	
25.7	25.75	2	1	1	4	7	294	6	252	0.00759524	0.00307679	0.00492857	0.0119286	42	0	42	42	
25.75	25.8	2	1	1	4	6	252	7	294	0.00807143	0.00318479	0.00492857	0.0119286	42	0	42	42	
25.8	25.85	2	1	1	4	7	294	5	210	0.00772857	0.00383406	0.00492857	0.0119286	42	0	42	42	
25.85	25.9	2	1	1	4	7	294	8	336	0.00755357	0.00362284	0.00492857	0.0119286	42	0	42	42	
25.9	25.95	2	1	1	4	6	252	7	294	0.00821429	0.00325137	0.00492857	0.0119286	42	0	42	42	
25.95	26	2	1	1	4	7	294	6	252	0.00809524	0.00354495	0.00492857	0.0119286	42	0	42	42	
26	26.05	2	1	1	4	6	252	6	252	0.0092619	0.0034448	0.00492857	0.0119286	42	0	42	42	
26.05	26.1	2	1	1	4	7	294	7	294	0.00807143	0.00318479	0.00492857	0.0119286	42	0	42	42	
26.1	26.15	2	1	1	4	7	294	6	252	0.00809524	0.00354495	0.00492857	0.0119286	42	0	42	42	
26.15	26.2	2	1	1	4	6	252	8	336	0.00755357	0.00362284	0.00492857	0.0119286	42	0	42	42	
26.2	26.25	2	1	1	4	7	294	6	252	0.00742857	0.00294958	0.00492857	0.0119286	42	0	42	42	
26.25	26.3	2	1	1	4	6	252	7	294	0.00807143	0.00318479	0.00492857	0.0119286	42	0	42	42	
26.3	26.35	2	1	1	4	7	294	5	210	0.00772857	0.00383406	0.00492857	0.0119286	42	0	42	42	
26.35	26.4	2	1	1	4	6	252	7	294	0.00821429	0.00325137	0.00492857	0.0119286	42	0	42	42	
26.4	26.45	2	1	1	4	7	294	6	252	0.0087619	0.00318852	0.00492857	0.0119286	42	0	42	42	
26.45	26.5	2	1	1	4	7	294	8	336	0.00817857	0.00353553	0.00492857	0.0119286	42	0	42	42	
26.5	26.55	2	1	1	4	6	252	7	294	0.0075	0.00335942	0.00492857	0.0119286	42	0	42	42	
26.55	26.6	2	1	1	4	7	294	6	252	0.00759524	0.00307679	0.00492857	0.0119286	42	0	42	42	
26.6	26.65	2	1	1	4	6	252	6	252	0.00792857	0.0034641	0.00492857	0.0119286	42	0	42	42	
26.65	26.7	2	1	1	4	7	294	7	294	0.00792857	0.00374166	0.00492857	0.0119286	42	0	42	42	
26.7	26.75	2	1	1	4	7	294	6	252	0.00809524	0.00354495	0.00492857	0.0119286	42	0	42	42	
26.75	26.8	2	1	1	4	6	252	8	336	0.00880357	0.00331393	0.00492857	0.0119286	42	0	42	42	
26.8	26.85	2	1	1	4	7	294	5	210	0.00772857	0.00383406	0.00492857	0.0119286	42	0	42	42	
26.85	26.9	2	1	1	4	6	252	7	294	0.00821429	0.00325137	0.00492857	0.0119286	42	0	42	42	
26.9	26.95	2	1	1	4	7	294	6	252	0.00742857	0.00294958	0.00492857	0.0119286	42	0	42	42	
26.95	27	2	1	1	4	6	252	8	336	0.00755357	0.00362284	0.00492857	0.0119286	42	0	42	42	
27	27.05	2	1	1	4	7	294	6	252	0.00792857	0.0034641	0.00492857	0.0119286	42	0	42	42	
27.05	27.1	2	1	1	4	7	294	7	294	0.00707143	0.00285357	0.00492857	0.0119286	42	0	42	42	
27.1	27.15	2	1	1	4	6	252	6	252	0.00792857	0.0034641	0.00492857	0.0119286	42	0	42	42	
27.15	27.2	2	1	1	4	7	294	7	294	0.00864286	0.00354562	0.00492857	0.0119286	42	0	42	42	
27.2	27.25	2	1	1	4	6	252	6	252	0.00742857	0.00294958	0.00492857	0.0119286	42	0	42	42	
27.25	27.3	2	1	1	4	7	294	7	294	0.00864286	0.00354562	0.00492857	0.0119286	42	0	42	42	
27.3	27.35	2	1	1	4	7	294	6	252	0.0072619	0.00361478	0.00492857	0.0119286	42	0	42	42	
27.35	27.4	2	1	1	4	6	252	8	336	0.00780357	0.00322656	0.00492857	0.0119286	42	0	42	42	
27.4	27.45	2	1	1	4	7	294	5	210	0.00792857	0.003	0.00492857	0.0119286	42	0	42	42	
27.45	27.5	2	1	1	4	6	252	7	294	0.00792857	0.00374166	0.00492857	0.0119286	42	0	42	42	
27.5	27.55	2	1	1	4	7	294	7	294	0.00935714	0.00315474	0.00492857	0.0119286	42	0	42	42	
27.55	27.6	2	1	1	4	6	252	7	294	0.00764286	0.00345033	0.00492857	0.0119286	42	0	42	42	
27.6	27.65	2	1	1	4	7	294	5	210	0.00772857	0.00383406	0.00492857	0.0119286	42	0	42	42	
27.65	27.7	2	1	1	4	7	294	8	336	0.00817857	0.00353553	0.00492857	0.0119286	42	0	42	42	
27.7	27.75	2	1	1	4	6	252	6	252	0.00742857	0.00294958	0.00492857	0.0119286	42	0	42	42	
27.75	27.8	2	1	1	4	8	336	8	336	0.00755357	0.00297309	0.00492857	0.0119286	42	0	42	42	
27.8	27.85	2	1	1	4	7	294	7	294	0.00907143	0.00498092	0.00492857	0.0179286	42	0	42	42	
27.85	27.9	2	1	1	4	7	294	8	336	0.00792857	0.00333809	0.00492857	0.0119286	42	0	42	42	
27.9	27.95	2	1	1	4	8	336	7	294	0.00907143	0.00498092	0.00492857	0.0179286	42	0	42	42	
27.95	28	2	1	1	4	7	294	6	252	0.00759524	0.00338625	0.00492857	0.0119286	42	0	42	42	
28	28.05	2	1	1	4	7	294	9	378	0.00848413	0.00328295	0.00492857	0.0119286	42	0	42	42	
28.05	28.1	2	1	1	4	8	336	6	252	0.00642857	0.00273861	0.00492857	0.0119286	42	0	42	42	
28.1	28.15	2	1	1	4	7	294	7	294	0.00721429	0.00325137	0.00492857	0.0119286	42	0	42	42	
28.15	28.2	2	1	1	4	7	294	8	336	0.00705357	0.00304432	0.00492857	0.0119286	42	0	42	42	
28.2	28.25	2	1	1	4	8	336	8	336	0.00692857	0.00311677	0.00492857	0.0119286	42	0	42	42	
28.25	28.3	2	1	1	4	7	294	7	294	0.00635714	0.00250713	0.00492857	0.0119286	42	0	42	42	
28.3	28.35	2	1	1	4	8	336	8	336	0.00867857	0.00349489	0.00492857	0.0119286	42	0	42	42	
28.35	28.4	2	1	1	4	7	294	7	294	0.00635714	0.00250713	0.00492857	0.0119286	42	0	42	42	
28.4	28.45	2	1	1	4	7	294	6	252	0.00642857	0.00273861	0.00492857	0.0119286	42	0	42	42	
28.45	28.5	2	1	1	4	7	294	9	378	0.00681746	0.00293447	0.00492857	0.0119286	42	0	42	42	
28.5	28.55	2	1	1	4	8	336	6	252	0.00642857	0.00273861	0.00492857	0.0119286	42	0	42	42	
28.55	28.6	2	1	1	4	7	294	8	336	0.00692857	0.00311677	0.00492857	0.0119286	42	0	42	42	
28.6	28.65	2	1	1	4	8	336	7	294	0.00635714	0.00250713	0.00492857	0.0119286	42	0	42	42	
28.65	28.7	2	1	1	4	7	294	8	336	0.00780357	0.00344083	0.00492857	0.0119286	42	0	42	42	
28.7	28.75	2	1	1	4	7	294	7	294	0.00721429	0.00325137	0.00492857	0.0119286	42	0	42	42	
28.75	28.8	2	1	1	4	8	336	8	336	0.00780357	0.00344083	0.00492857	0.0119286	42	0	42	42	
28.8	28.85	2	1	1	4	7	294	7	294	0.00721429	0.00325137	0.00492857	0.0119286	42	0	42	42	
28.85	28.9	2	1	1	4	7	294	6	252	0.00759524	0.00338625	0.00492857	0.0119286	42	0	42	42	
28.9	28.95	2	1	1	4	8	336	9	378	0.00759524	0.00327872	0.00492857	0.0119286	42	0	42	42	
28.95	29	2	1	1	4	7	294	6	252	0.0077619	0.00325064	0.00492857	0.0119286	42	0	42	42	
29	29.05	2	1	1	4	7	294	8	336	0.00692857	0.00311677	0.00492857	0.0119286	42	0	42	42	
29.05	29.1	2	1	1	4	8	336	7	294	0.00635714	0.00250713	0.00492857	0.0119286	42	0	42	42	
29.1	29.15	2	1	1	4	7	294	7	294	0.00707143	0.00333809	0.00492857	0.0119286	42	0	42	42	
29.15	29.2	2	1	1	4	7	294	8	336	0.00705357	0.00304432	0.00492857	0.0119286	42	0	42	42	
29.2	29.25	2	1	1	4	8	336	7	294	0.00707143	0.00333809	0.00492857	0.0119286	42	0	42	42	
29.25	29.3	2	1	1	4	7	294	8	336	0.00867857	0.00349489	0.00492857	0.0119286	42	0	42	42	
29.3	29.35	2	1	1	4	7	294	8	336	0.00692857	0.00311677	0.00492857	0.0119286	42	0	42	42	
29.35	29.4	2	1	1	4	8	336	7	294	0.00635714	0.00250713	0.00492857	0.0119286	42	0	42	42	
29.4	29.45	2	1	1	4	10	480	8	360	0.00730357	0.00302076	0.00492857	0.0119286	45	5.55492	42	54	
29.45	29.5	2	1	1	4	14	764	16	864	0.00617857	0.00191485	0.00492857	0.0119286	54	0	54	54	
29.5	29.55	2	1	1	4	15	930	13	806	0.0056978	0.00109193	0.00492857	0.00792857	62	0	62	62	
29.55	29.6	2	1	1	4	15	1042	16	1080	0.00617857	0.00191485	0.00492857	0.0119286	67.5	3.82971	62	70	
29.6	29.65	2	1	1	4	14	1092	14	1084	0.00592857	0.00124035	0.00492857	0.00892857	77.4286	2.13809	70	78	
29.65	29.7	2	1	1	4	15	1170	15	1170	0.00639524	0.00199523	0.00492857	0.0119286	78	0	78	78	
29.7	29.75	2	1	1	4	15	1170	15	1170	0.0064619	0.00199523	0.00492857	0.0119286	78	0	78	78	
29.75	29.8	2	1	1	4	14	1092	15	1170	0.00659524	0.00144749	0.00492857	0.00892857	78	0	78	78	
29.8	29.85	2	1	1	4	15	1170	14	1092	0.00592857	0.00135873	0.00492857	0.00892857	78	0	78	78	
29.85	29.9	2	1	1	4	15	1170	15	1170	0.00639524	0.00140746	0.00492857	0.00892857	78	0	78	78	
29.9	29.95	2	1	1	4	14	1092	15	1170	0.0062619	0.00149603	0.00492857	0.00892857	78	0	78	78	
29.95	30	2	1	1	4	15	1170	15	1170	0.00599524	0.00143759	0.00492857	0.00892857	78	0	78	78	
30	30.05	2	1	1	4	15	1170	13	1014	0.00608242	0.0013445	0.00492857	0.00892857	78	0	78	78	
30.05	30.1	2	1	1	4	14	1092	15	1170	0.0060619	0.00140746	0.00492857	0.00892857	78	0	78	78	
30.1	30.15	2	1	1	4	15	1170	15	1170	0.0062619	0.00154303	0.00492857	0.00892857	78	0	78	78	
30.15	30.2	2	1	1	4	15	1170	15	1170	0.00579524	0.00099043	0.00492857	0.00792857	78	0	78	78	
30.2	30.25	2	1	1	4	15	1170	14	1092	0.00628571	0.00154955	0.00492857	0.00892857	78	0	78	78	
30.25	30.3	2	1	1	4	14	1092	16	1248	0.00599107	0.00128938	0.00492857	0.00892857	78	0	78	78	
30.3	30.35	2	1	1	4	15	1170	13	1014	0.00600549	0.00125576	0.00492857	0.00892857	78	0	78	78	
30.35	30.4	2	1	1	4	14	1092	16	1248	0.00561607	0.00101448	0.00492857	0.00792857	78	0	78	78	
30.4	30.45	2	1	1	4	15	1170	15	1170	0.00612857	0.00142428	0.00492857	0.00892857	78	0	78	78	
30.45	30.5	2	1	1	4	15	1170	14	1092	0.00635714	0.00198898	0.00492857	0.0119286	78	0	78	78	
30.5	30.55	2	1	1	4	15	1170	14	1092	0.00571429	0.0010509	0.00492857	0.00792857	78	0	78	78	
30.55	30.6	2	1	1	4	14	1092	16	1248	0.00642857	0.002	0.00492857	0.0119286	78	0	78	78	
30.6	30.65	2	1	1	4	15	1170	14	1092	0.00585714	0.00126881	0.00492857	0.00892857	78	0	78	78	
30.65	30.7	2	1	1	4	15	1170	15	1170	0.0064619	0.00206559	0.00492857	0.0119286	78	0	78	78	
30.7	30.75	2	1	1	4	14	1092	15	1170	0.0060619	0.00130201	0.00492857	0.00892857	78	0	78	78	
30.75	30.8	2	1	1	4	15	1170	15	1170	0.00612857	0.00156753	0.00492857	0.00892857	78	0	78	78	
30.8	30.85	2	1	1	4	15	1170	14	1092	0.00585714	0.00120667	0.00492857	0.00792857	78	0	78	78	
30.85	30.9	2	1	1	4	16	1248	15	1170	0.00632857	0.00140408	0.00492857	0.00892857	78	0	78	78	
30.9	30.95	2	1	1	4	19	1482	19	1482	0.00587594	0.000911268	0.00492857	0.00692857	78	0	78	78	
30.95	31	2	1	1	4	18	1404	19	1482	0.0059812	0.000911268	0.00492857	0.00692857	78	0	78	78	
31	31.05	2	1	1	4	19	1482	18	1404	0.00615079	0.00121537	0.00492857	0.00992857	78	0	78	78	
31.05	31.1	2	1	1	4	19	1482	19	1482	0.00587594	0.000911268	0.00492857	0.00692857	78	0	78	78	
31.1	31.15	2	1	1	4	19	1482	20	1560	0.00592857	0.000917663	0.00492857	0.00692857	78	0	78	78	
31.15	31.2	2	1	1	4	18	1260	19	1346	0.00582331	0.000875261	0.00492857	0.00692857	70.8421	2.52241	70	78	
31.2	31.25	2	1	1	4	19	1258	17	1142	0.00592857	0.000866025	0.00492857	0.00692857	67.1765	3.94074	62	70	
31.25	31.3	2	1	1	4	19	1178	20	1240	0.00602857	0.00091191	0.00492857	0.00692857	62	0	62	62	
31.3	31.35	2	1	1	4	19	1042	19	1058	0.00582331	0.000875261	0.00492857	0.00692857	55.6842	3.35083	54	62	
31.35	31.4	2	1	1	4	17	726	18	792	0.0057619	0.000923548	0.00492857	0.00692857	44	4.60179	42	54	
31.4	31.45	2	1	1	4	9	378	9	378	0.0062619	0.000707107	0.00492857	0.00692857	42	0	42	42	
31.45	31.5	2	1	1	4	10	420	9	378	0.00670635	0.000440959	0.00592857	0.00692857	42	0	42	42	
31.5	31.55	2	1	1	4	9	378	10	420	0.00652857	0.000516398	0.00592857	0.00692857	42	0	42	42	
31.55	31.6	2	1	1	4	9	378	9	378	0.00659524	0.000707107	0.00492857	0.00692857	42	0	42	42	
31.6	31.65	2	1	1	4	10	420	9	378	0.00659524	0.0005	0.00592857	0.00692857	42	0	42	42	
31.65	31.7	2	1	1	4	9	378	10	420	0.00662857	0.000483046	0.00592857	0.00692857	42	0	42	42	
31.7	31.75	2	1	1	4	9	378	9	378	0.00648413	0.000527046	0.00592857	0.00692857	42	0	42	42	
31.75	31.8	2	1	1	4	10	420	10	420	0.00672857	0.000421637	0.00592857	0.00692857	42	0	42	42	
31.8	31.85	2	1	1	4	9	378	9	378	0.00648413	0.000527046	0.00592857	0.00692857	42	0	42	42	
31.85	31.9	2	1	1	4	9	378	9	378	0.00659524	0.0005	0.00592857	0.00692857	42	0	42	42	
31.9	31.95	2	1	1	4	10	420	10	420	0.00662857	0.000483046	0.00592857	0.00692857	42	0	42	42	
31.95	32	2	1	1	4	9	378	9	378	0.00659524	0.0005	0.00592857	0.00692857	42	0	42	42	
32	32.05	2	1	1	4	10	420	9	378	0.00648413	0.000527046	0.00592857	0.00692857	42	0	42	42	
32.05	32.1	2	1	1	4	9	378	10	420	0.00672857	0.000421637	0.00592857	0.00692857	42	0	42	42	
32.1	32.15	2	1	1	4	9	378	9	378	0.00648413	0.000726483	0.00492857	0.00692857	42	0	42	42	
32.15	32.2	2	1	1	4	10	420	9	378	0.00659524	0.0005	0.00592857	0.00692857	42	0	42	42	
32.2	32.25	2	1	1	4	9	378	10	420	0.00702857	0.00185293	0.00492857	0.0119286	42	0	42	42	
