% start	end	CellId	IMSI	RNTI	LCID	nTxPDUs	TxBytes	nRxPDUs	RxBytes	delay	stdDev	min	max	PduSize	stdDev	min	max
0	0.05	1	1	1	0	1	6	1	6	0.00471429	0	0.00471429	0.00471429	6	0	6	6	
0	0.05	1	1	1	1	1	7	3	17	0.00314286	0.00272179	0	0.00471429	5.66667	3.21455	2	8	
0.2	0.25	1	1	1	1	1	33	2	66	0.00471429	0	0.00471429	0.00471429	33	0	33	33	
0.4	0.45	1	1	1	1	1	10	0	0	0	0	0	0	0	0	0	0	
0.5	0.55	1	1	1	4	1	58	0	0	0	0	0	0	0	0	0	0	
0.6	0.65	1	1	1	4	1	90	2	92	0.00235714	0.0033335	0	0.00471429	46	62.2254	2	90	
0.65	0.7	1	1	1	1	1	33	2	66	0.00471429	0	0.00471429	0.00471429	33	0	33	33	
0.7	0.75	1	1	1	4	1	177	2	179	0.00235714	0.0033335	0	0.00471429	89.5	123.744	2	177	
0.8	0.85	1	1	1	4	1	351	2	353	0.00235714	0.0033335	0	0.00471429	176.5	246.78	2	351	
0.85	0.9	1	1	1	4	4	402	5	404	0.00377143	0.00210829	0	0.00471429	80.8	104.169	2	264	
0.9	0.95	1	1	1	1	1	10	2	20	0.00471429	0	0.00471429	0.00471429	10	0	10	10	
0.9	0.95	1	1	1	4	1	46	2	48	0.00235714	0.0033335	0	0.00471429	24	31.1127	2	46	
0.95	1	1	1	1	4	6	538	7	540	0.00404082	0.00178183	0	0.00471429	77.1429	86.2234	2	264	
1	1.05	1	1	1	4	1	46	3	50	0.00157143	0.00272179	0	0.00471429	16.6667	25.4034	2	46	
1.05	1.1	1	1	1	4	12	815	14	819	0.00404082	0.00171193	0	0.00471429	58.5	43.5479	2	177	
1.1	1.15	1	1	1	4	5	404	4	270	0.00235714	0.00272179	0	0.00471429	67.5	103.761	2	220	
1.15	1.2	1	1	1	1	1	33	2	66	0.00471429	0	0.00471429	0.00471429	33	0	33	33	
1.15	1.2	1	1	1	4	10	636	15	778	0.00408571	0.0016588	0	0.00471429	51.8667	28.1574	2	90	
1.2	1.25	1	1	1	4	15	952	15	864	0.00408571	0.0016588	0	0.00471429	57.6	60.5414	2	264	
1.25	1.3	1	1	1	4	15	865	18	871	0.00419048	0.00152451	0	0.00471429	48.3889	27.9435	2	133	
1.3	1.35	1	1	1	4	16	956	19	962	0.00396992	0.00176613	0	0.00471429	50.6316	28.9448	2	90	
1.35	1.4	1	1	1	4	29	3072	30	2922	0.0044	0.00119605	0	0.00471429	97.4	57.066	2	241	
1.4	1.45	1	1	1	1	1	10	2	20	0.00471429	0	0.00471429	0.00471429	10	0	10	10	
1.4	1.45	1	1	1	4	41	5435	42	4879	0.00437755	0.00122883	0	0.00471429	116.167	63.8168	2	241	
1.45	1.5	1	1	1	4	41	5437	44	5762	0.0045	0.000993333	0	0.00471429	130.955	79.1348	2	480	
1.5	1.55	1	1	1	4	7	893	12	1382	0.00392857	0.00183503	0	0.00471429	115.167	79.4078	2	241	
1.55	1.6	1	1	1	4	13	1230	16	1236	0.00383036	0.00190039	0	0.00471429	77.25	78.8099	2	273	
1.6	1.65	1	1	1	1	1	33	2	66	0.00471429	0	0.00471429	0.00471429	33	0	33	33	
1.6	1.65	1	1	1	4	1	133	2	135	0.00235714	0.0033335	0	0.00471429	67.5	92.631	2	133	
1.65	1.7	1	1	1	4	12	945	14	949	0.00404082	0.00171193	0	0.00471429	67.7857	73.9836	2	307	
1.7	1.75	1	1	1	4	4	532	5	446	0.00188571	0.00258212	0	0.00471429	89.2	119.404	2	220	
1.75	1.8	1	1	1	4	21	1098	23	1102	0.00430435	0.0013582	0	0.00471429	47.913	20.8848	2	90	
1.8	1.85	1	1	1	4	11	769	14	819	0.00404082	0.00171193	0	0.00471429	58.5	43.5479	2	177	
1.85	1.9	1	1	1	1	1	10	2	20	0.00471429	0	0.00471429	0.00471429	10	0	10	10	
1.85	1.9	1	1	1	4	18	1135	20	1095	0.00424286	0.00145103	0	0.00471429	54.75	30.4819	2	133	
1.9	1.95	1	1	1	4	20	1227	23	1277	0.00409938	0.00162337	0	0.00471429	55.5217	32.2686	2	133	
1.95	2	1	1	1	4	20	1271	21	1185	0.00426531	0.00141802	0	0.00471429	56.4286	36.3958	2	177	
2	2.05	1	1	1	4	22	1231	25	1281	0.00414857	0.00156355	0	0.00471429	51.24	29.1794	2	133	
2.05	2.1	1	1	1	4	19	1182	21	1142	0.00426531	0.00141802	0	0.00471429	54.381	26.4697	2	90	
2.1	2.15	1	1	1	1	1	33	2	66	0.00471429	0	0.00471429	0.00471429	33	0	33	33	
2.1	2.15	1	1	1	4	24	1324	27	1374	0.00419048	0.00150978	0	0.00471429	50.8889	25.4034	2	90	
2.15	2.2	1	1	1	4	20	1184	23	1190	0.00430435	0.0013582	0	0.00471429	51.7391	24.1157	2	90	
2.2	2.25	1	1	1	4	21	1272	25	1368	0.00414857	0.00156355	0	0.00471429	54.72	33.4097	2	133	
2.25	2.3	1	1	1	4	26	1415	26	1327	0.00435165	0.00128109	0	0.00471429	51.0385	25.7596	2	133	
2.3	2.35	1	1	1	4	20	1316	24	1368	0.004125	0.00159264	0	0.00471429	57	29.7292	2	90	
2.35	2.4	1	1	1	1	1	10	2	20	0.00471429	0	0.00471429	0.00471429	10	0	10	10	
2.35	2.4	1	1	1	4	20	1052	21	1010	0.00426531	0.00141802	0	0.00471429	48.0952	21.895	2	90	
2.4	2.45	1	1	1	4	25	1481	27	1417	0.00436508	0.00125815	0	0.00471429	52.4815	26.3488	2	133	
2.45	2.5	1	1	1	4	39	3378	41	3258	0.00436934	0.00124293	0	0.00471429	79.4634	46.6037	2	225	
2.5	2.55	1	1	1	4	40	3826	43	3833	0.00449502	0.00100453	0	0.00471429	89.1395	49.092	2	225	
2.55	2.6	1	1	1	4	23	1321	27	1564	0.00419048	0.00150978	0	0.00471429	57.9259	37.7409	2	169	
2.6	2.65	1	1	1	1	1	33	2	66	0.00471429	0	0.00471429	0.00471429	33	0	33	33	
2.6	2.65	1	1	1	4	17	1045	18	1003	0.00419048	0.00152451	0	0.00471429	55.7222	38.4552	2	177	
2.65	2.7	1	1	1	4	21	1316	24	1279	0.00432143	0.00133098	0	0.00471429	53.2917	33.3395	2	177	
2.7	2.75	1	1	1	4	16	999	17	1044	0.00415966	0.00156564	0	0.00471429	61.4118	43.569	2	177	
2.75	2.8	1	1	1	4	20	1184	23	1190	0.00430435	0.0013582	0	0.00471429	51.7391	24.1157	2	90	
2.8	2.85	1	1	1	1	1	10	2	20	0.00471429	0	0.00471429	0.00471429	10	0	10	10	
2.8	2.85	1	1	1	4	19	1093	22	1143	0.00407143	0.00165589	0	0.00471429	51.9545	36.5129	2	177	
2.85	2.9	1	1	1	4	22	1231	23	1145	0.00430435	0.0013582	0	0.00471429	49.7826	26.0976	2	133	
2.9	2.95	1	1	1	4	19	1094	23	1146	0.00409938	0.00162337	0	0.00471429	49.8261	26.243	2	90	
2.95	3	1	1	1	4	23	1234	24	1192	0.00432143	0.00133098	0	0.00471429	49.6667	22.1588	2	90	
3	3.05	1	1	1	4	18	1004	20	1052	0.00424286	0.00145103	0	0.00471429	52.6	25.8343	2	90	
3.05	3.1	1	1	1	1	1	33	2	66	0.00471429	0	0.00471429	0.00471429	33	0	33	33	
3.05	3.1	1	1	1	4	21	1273	24	1235	0.004125	0.00159264	0	0.00471429	51.4583	29.7862	2	133	
3.1	3.15	1	1	1	4	21	1098	25	1238	0.00433714	0.00130533	0	0.00471429	49.52	21.7047	2	90	
3.15	3.2	1	1	1	4	20	1184	21	1098	0.00404082	0.00169039	0	0.00471429	52.2857	28.8048	2	90	
3.2	3.25	1	1	1	4	20	1008	24	1104	0.00432143	0.00133098	0	0.00471429	46	18.3493	2	90	
3.25	3.3	1	1	1	4	21	1186	22	1100	0.00407143	0.00165589	0	0.00471429	50	26.847	2	90	
3.3	3.35	1	1	1	1	1	10	2	20	0.00471429	0	0.00471429	0.00471429	10	0	10	10	
3.3	3.35	1	1	1	4	17	1176	20	1139	0.00424286	0.00145103	0	0.00471429	56.95	37.2608	2	177	
3.35	3.4	1	1	1	4	16	1044	19	1137	0.00396992	0.00176613	0	0.00471429	59.8421	35.9695	2	133	
3.4	3.45	1	1	1	4	24	1323	26	1327	0.00435165	0.00128109	0	0.00471429	51.0385	25.7596	2	133	
3.45	3.5	1	1	1	4	14	908	16	868	0.004125	0.00161023	0	0.00471429	54.25	28.8248	2	90	
3.5	3.55	1	1	1	4	22	1232	24	1236	0.004125	0.00159264	0	0.00471429	51.5	26.9444	2	90	
3.55	3.6	1	1	1	1	1	33	2	66	0.00471429	0	0.00471429	0.00471429	33	0	33	33	
3.55	3.6	1	1	1	4	21	1273	24	1236	0.00432143	0.00133098	0	0.00471429	51.5	23.6147	2	90	
3.6	3.65	1	1	1	4	20	1140	23	1233	0.00409938	0.00162337	0	0.00471429	53.6087	31.4249	2	133	
3.65	3.7	1	1	1	4	21	1185	22	1099	0.00428571	0.00138715	0	0.00471429	49.9545	26.6985	2	133	
3.7	3.75	1	1	1	4	22	1144	26	1240	0.00417033	0.00153597	0	0.00471429	47.6923	23.2186	2	90	
3.75	3.8	1	1	1	4	21	1142	22	1056	0.00428571	0.00138715	0	0.00471429	48	21.372	2	90	
3.8	3.85	1	1	1	1	1	10	2	20	0.00471429	0	0.00471429	0.00471429	10	0	10	10	
3.8	3.85	1	1	1	4	18	1178	22	1274	0.00407143	0.00165589	0	0.00471429	57.9091	36.1912	2	133	
3.85	3.9	1	1	1	4	19	1093	20	964	0.00424286	0.00145103	0	0.00471429	48.2	22.4584	2	90	
3.9	3.95	1	1	1	4	23	1234	25	1325	0.00433714	0.00130533	0	0.00471429	53	27.3557	2	133	
3.95	4	1	1	1	4	21	1230	25	1282	0.00414857	0.00156355	0	0.00471429	51.28	26.4	2	90	
4	4.05	1	1	1	1	1	33	2	66	0.00471429	0	0.00471429	0.00471429	33	0	33	33	
4	4.05	1	1	1	4	17	1089	19	1093	0.00421804	0.00148642	0	0.00471429	57.5263	32.1427	2	133	
4.05	4.1	1	1	1	4	24	1324	26	1240	0.00417033	0.00153597	0	0.00471429	47.6923	23.2186	2	90	
4.1	4.15	1	1	1	4	20	1183	22	1231	0.00428571	0.00138715	0	0.00471429	55.9545	30.0325	2	133	
4.15	4.2	1	1	1	4	21	1230	25	1238	0.00414857	0.00156355	0	0.00471429	49.52	25.1481	2	90	
4.2	4.25	1	1	1	4	20	1096	22	1144	0.00428571	0.00138715	0	0.00471429	52	24.6499	2	90	
4.25	4.3	1	1	1	1	1	10	2	20	0.00471429	0	0.00471429	0.00471429	10	0	10	10	
4.25	4.3	1	1	1	4	20	1226	22	1143	0.00428571	0.00138715	0	0.00471429	51.9545	28.0042	2	133	
4.3	4.35	1	1	1	4	19	1136	21	1183	0.00404082	0.00169039	0	0.00471429	56.3333	43.4745	2	177	
4.35	4.4	1	1	1	4	22	1144	25	1150	0.00433714	0.00130533	0	0.00471429	46	17.9629	2	90	
4.4	4.45	1	1	1	4	21	1142	24	1192	0.004125	0.00159264	0	0.00471429	49.6667	25.6781	2	90	
4.45	4.5	1	1	1	4	20	1272	22	1232	0.00428571	0.00138715	0	0.00471429	56	26.9249	2	90	
4.5	4.55	1	1	1	1	1	33	2	66	0.00471429	0	0.00471429	0.00471429	33	0	33	33	
4.5	4.55	1	1	1	4	20	1183	22	1187	0.00428571	0.00138715	0	0.00471429	53.9545	34.8117	2	177	
4.55	4.6	1	1	1	4	19	1006	22	1012	0.00407143	0.00165589	0	0.00471429	46	23.519	2	90	
4.6	4.65	1	1	1	4	21	1142	22	1144	0.00428571	0.00138715	0	0.00471429	52	24.6499	2	90	
4.65	4.7	1	1	1	4	20	1184	23	1146	0.00409938	0.00162337	0	0.00471429	49.8261	26.243	2	90	
4.7	4.75	1	1	1	4	21	1142	23	1190	0.00430435	0.0013582	0	0.00471429	51.7391	24.1157	2	90	
4.75	4.8	1	1	1	1	1	10	2	20	0.00471429	0	0.00471429	0.00471429	10	0	10	10	
4.75	4.8	1	1	1	4	21	1186	25	1194	0.00414857	0.00156355	0	0.00471429	47.76	23.6947	2	90	
4.8	4.85	1	1	1	4	22	1188	23	1190	0.00430435	0.0013582	0	0.00471429	51.7391	24.1157	2	90	
4.85	4.9	1	1	1	4	20	1139	23	1058	0.00409938	0.00162337	0	0.00471429	46	22.9783	2	90	
4.9	4.95	1	1	1	4	22	1231	24	1322	0.00432143	0.00133098	0	0.00471429	55.0833	31.5111	2	133	
4.95	5	1	1	1	4	18	960	22	1056	0.00428571	0.00138715	0	0.00471429	48	21.372	2	90	
5	5.05	1	1	1	1	1	33	2	66	0.00471429	0	0.00471429	0.00471429	33	0	33	33	
5	5.05	1	1	1	4	20	1272	21	1142	0.00404082	0.00169039	0	0.00471429	54.381	29.904	2	90	
5.05	5.1	1	1	1	4	20	1272	23	1322	0.00430435	0.0013582	0	0.00471429	57.4783	27.2445	2	90	
5.1	5.15	1	1	1	4	20	1228	22	1232	0.00407143	0.00165589	0	0.00471429	56	30.1552	2	90	
5.15	5.2	1	1	1	4	19	1094	22	1100	0.00428571	0.00138715	0	0.00471429	50	23.1599	2	90	
5.2	5.25	1	1	1	1	1	10	2	20	0.00471429	0	0.00471429	0.00471429	10	0	10	10	
5.2	5.25	1	1	1	4	20	1096	23	1102	0.00409938	0.00162337	0	0.00471429	47.913	24.7421	2	90	
5.25	5.3	1	1	1	4	20	1184	21	1186	0.00426531	0.00141802	0	0.00471429	56.4762	27.4948	2	90	
5.3	5.35	1	1	1	4	19	1093	23	1145	0.00409938	0.00162337	0	0.00471429	49.7826	29.276	2	133	
5.35	5.4	1	1	1	4	18	1223	19	1137	0.00421804	0.00148642	0	0.00471429	59.8421	38.7818	2	177	
5.4	5.45	1	1	1	4	18	1091	21	1141	0.00426531	0.00141802	0	0.00471429	54.3333	29.7714	2	133	
5.45	5.5	1	1	1	1	1	33	2	66	0.00471429	0	0.00471429	0.00471429	33	0	33	33	
5.45	5.5	1	1	1	4	23	1234	25	1238	0.00414857	0.00156355	0	0.00471429	49.52	25.1481	2	90	
5.5	5.55	1	1	1	4	23	1322	25	1326	0.00433714	0.00130533	0	0.00471429	53.04	24.3661	2	90	
5.55	5.6	1	1	1	4	19	1181	23	1189	0.00409938	0.00162337	0	0.00471429	51.6957	30.4324	2	133	
5.6	5.65	1	1	1	4	18	1092	20	1096	0.00424286	0.00145103	0	0.00471429	54.8	27.0858	2	90	
5.65	5.7	1	1	1	4	18	1003	21	1053	0.00404082	0.00169039	0	0.00471429	50.1429	30.6794	2	133	
5.7	5.75	1	1	1	1	1	10	2	20	0.00471429	0	0.00471429	0.00471429	10	0	10	10	
5.7	5.75	1	1	1	4	17	1046	19	1006	0.00421804	0.00148642	0	0.00471429	52.9474	26.4942	2	90	
5.75	5.8	1	1	1	4	20	1183	22	1143	0.00407143	0.00165589	0	0.00471429	51.9545	31.1226	2	133	
5.8	5.85	1	1	1	4	21	1097	23	1145	0.00430435	0.0013582	0	0.00471429	49.7826	26.0976	2	133	
5.85	5.9	1	1	1	4	20	1008	24	1104	0.00432143	0.00133098	0	0.00471429	46	18.3493	2	90	
5.9	5.95	1	1	1	4	19	1138	20	1008	0.00400714	0.00172707	0	0.00471429	50.4	28.1918	2	90	
5.95	6	1	1	1	1	1	33	2	66	0.00471429	0	0.00471429	0.00471429	33	0	33	33	
5.95	6	1	1	1	4	17	914	20	1008	0.00424286	0.00145103	0	0.00471429	50.4	24.3103	2	90	
6	6.05	1	1	1	4	19	1050	21	1010	0.00404082	0.00169039	0	0.00471429	48.0952	25.9421	2	90	
6.05	6.1	1	1	1	4	19	1182	21	1142	0.00426531	0.00141802	0	0.00471429	54.381	26.4697	2	90	
6.1	6.15	1	1	1	4	17	1001	20	1051	0.00424286	0.00145103	0	0.00471429	52.55	29.3714	2	133	
6.15	6.2	1	1	1	4	20	1271	22	1231	0.00407143	0.00165589	0	0.00471429	55.9545	32.9595	2	133	
6.2	6.25	1	1	1	1	1	10	2	20	0.00471429	0	0.00471429	0.00471429	10	0	10	10	
6.2	6.25	1	1	1	4	20	1052	23	1102	0.00430435	0.0013582	0	0.00471429	47.913	20.8848	2	90	
6.25	6.3	1	1	1	4	20	1139	23	1145	0.00409938	0.00162337	0	0.00471429	49.7826	29.276	2	133	
6.3	6.35	1	1	1	4	22	1187	23	1189	0.00430435	0.0013582	0	0.00471429	51.6957	27.3885	2	133	
6.35	6.4	1	1	1	4	20	1140	23	1102	0.00409938	0.00162337	0	0.00471429	47.913	24.7421	2	90	
6.4	6.45	1	1	1	1	1	33	2	66	0.00471429	0	0.00471429	0.00471429	33	0	33	33	
6.4	6.45	1	1	1	4	17	1001	19	1049	0.00421804	0.00148642	0	0.00471429	55.2105	31.2456	2	133	
6.45	6.5	1	1	1	4	21	1141	23	1145	0.00430435	0.0013582	0	0.00471429	49.7826	26.0976	2	133	
6.5	6.55	1	1	1	4	19	1180	22	1142	0.00407143	0.00165589	0	0.00471429	51.9091	33.8412	2	133	
6.55	6.6	1	1	1	4	23	1146	25	1150	0.00433714	0.00130533	0	0.00471429	46	17.9629	2	90	
6.6	6.65	1	1	1	4	23	1146	26	1196	0.00417033	0.00153597	0	0.00471429	46	21.5555	2	90	
6.65	6.7	1	1	1	1	1	10	2	20	0.00471429	0	0.00471429	0.00471429	10	0	10	10	
6.65	6.7	1	1	1	4	20	964	23	1014	0.00430435	0.0013582	0	0.00471429	44.087	16.1299	2	90	
6.7	6.75	1	1	1	4	22	1188	23	1146	0.00430435	0.0013582	0	0.00471429	49.8261	22.6428	2	90	
6.75	6.8	1	1	1	4	18	960	22	968	0.00407143	0.00165589	0	0.00471429	44	21.372	2	90	
6.8	6.85	1	1	1	4	21	1273	22	1231	0.00428571	0.00138715	0	0.00471429	55.9545	30.0325	2	133	
6.85	6.9	1	1	1	4	24	1323	28	1375	0.00420918	0.00148486	0	0.00471429	49.1071	26.4678	2	133	
6.9	6.95	1	1	1	1	1	33	2	66	0.00471429	0	0.00471429	0.00471429	33	0	33	33	
6.9	6.95	1	1	1	4	22	1144	23	1146	0.00430435	0.0013582	0	0.00471429	49.8261	22.6428	2	90	
6.95	7	1	1	1	4	19	1137	22	1143	0.00428571	0.00138715	0	0.00471429	51.9545	28.0042	2	133	
7	7.05	1	1	1	4	19	1268	22	1318	0.00407143	0.00165589	0	0.00471429	59.9091	36.7137	2	133	
7.05	7.1	1	1	1	4	21	1142	23	1146	0.00430435	0.0013582	0	0.00471429	49.8261	22.6428	2	90	
7.1	7.15	1	1	1	4	21	1185	23	1145	0.00409938	0.00162337	0	0.00471429	49.7826	29.276	2	133	
7.15	7.2	1	1	1	1	1	10	2	20	0.00471429	0	0.00471429	0.00471429	10	0	10	10	
7.15	7.2	1	1	1	4	18	960	22	1056	0.00428571	0.00138715	0	0.00471429	48	21.372	2	90	
7.2	7.25	1	1	1	4	18	1091	20	1007	0.00400714	0.00172707	0	0.00471429	50.35	31.4614	2	133	
7.25	7.3	1	1	1	4	19	1049	21	1097	0.00426531	0.00141802	0	0.00471429	52.2381	28.6634	2	133	
7.3	7.35	1	1	1	4	19	1006	21	1010	0.00426531	0.00141802	0	0.00471429	48.0952	21.895	2	90	
7.35	7.4	1	1	1	4	21	1098	24	1060	0.004125	0.00159264	0	0.00471429	44.1667	20.4294	2	90	
7.4	7.45	1	1	1	1	1	33	2	66	0.00471429	0	0.00471429	0.00471429	33	0	33	33	
7.4	7.45	1	1	1	4	21	1229	22	1187	0.00428571	0.00138715	0	0.00471429	53.9545	29.1081	2	133	
7.45	7.5	1	1	1	4	17	1001	21	1053	0.00404082	0.00169039	0	0.00471429	50.1429	30.6794	2	133	
7.5	7.55	1	1	1	4	21	1098	23	1102	0.00430435	0.0013582	0	0.00471429	47.913	20.8848	2	90	
7.55	7.6	1	1	1	4	18	1003	21	966	0.00404082	0.00169039	0	0.00471429	46	24.0998	2	90	
7.6	7.65	1	1	1	1	1	10	2	20	0.00471429	0	0.00471429	0.00471429	10	0	10	10	
7.6	7.65	1	1	1	4	18	1047	20	1138	0.00424286	0.00145103	0	0.00471429	56.9	34.3678	2	133	
7.65	7.7	1	1	1	4	21	1054	24	1104	0.00432143	0.00133098	0	0.00471429	46	18.3493	2	90	
7.7	7.75	1	1	1	4	17	958	20	964	0.00400714	0.00172707	0	0.00471429	48.2	26.6114	2	90	
7.75	7.8	1	1	1	4	19	1138	19	1006	0.00421804	0.00148642	0	0.00471429	52.9474	26.4942	2	90	
7.8	7.85	1	1	1	4	15	866	19	918	0.00396992	0.00176613	0	0.00471429	48.3158	27.3355	2	90	
7.85	7.9	1	1	1	1	1	33	2	66	0.00471429	0	0.00471429	0.00471429	33	0	33	33	
7.85	7.9	1	1	1	4	21	1229	23	1190	0.00430435	0.0013582	0	0.00471429	51.7391	24.1157	2	90	
7.9	7.95	1	1	1	4	20	1096	23	1189	0.00409938	0.00162337	0	0.00471429	51.6957	30.4324	2	133	
7.95	8	1	1	1	4	15	1041	17	1001	0.00415966	0.00156564	0	0.00471429	58.8824	33.8192	2	133	
8	8.05	1	1	1	4	15	909	17	913	0.00388235	0.00185249	0	0.00471429	53.7059	35.4538	2	133	
8.05	8.1	1	1	1	4	24	1726	25	1624	0.00433714	0.00130533	0	0.00471429	64.96	61.4305	2	336	
8.1	8.15	1	1	1	1	1	10	2	20	0.00471429	0	0.00471429	0.00471429	10	0	10	10	
8.1	8.15	1	1	1	4	38	4577	41	4455	0.00448432	0.00102811	0	0.00471429	108.659	54.8419	2	241	
8.15	8.2	1	1	1	4	39	3823	42	3962	0.00437755	0.00122883	0	0.00471429	94.3333	49.7009	2	241	
8.2	8.25	1	1	1	4	20	1184	23	1289	0.00430435	0.0013582	0	0.00471429	56.0435	30.92	2	145	
8.25	8.3	1	1	1	4	22	1056	25	1106	0.00414857	0.00156355	0	0.00471429	44.24	20.0027	2	90	
8.3	8.35	1	1	1	4	16	868	18	872	0.00419048	0.00152451	0	0.00471429	48.4444	23.7294	2	90	
8.35	8.4	1	1	1	1	1	33	2	66	0.00471429	0	0.00471429	0.00471429	33	0	33	33	
8.35	8.4	1	1	1	4	16	868	19	830	0.00396992	0.00176613	0	0.00471429	43.6842	23.0677	2	90	
8.4	8.45	1	1	1	4	20	1052	22	1100	0.00428571	0.00138715	0	0.00471429	50	23.1599	2	90	
8.45	8.5	1	1	1	4	16	1130	19	1092	0.00396992	0.00176613	0	0.00471429	57.4737	48.0166	2	177	
8.5	8.55	1	1	1	4	15	865	18	959	0.00419048	0.00152451	0	0.00471429	53.2778	30.9607	2	133	
8.55	8.6	1	1	1	4	14	1082	15	909	0.00408571	0.0016588	0	0.00471429	60.6	35.7807	2	133	
8.6	8.65	1	1	1	1	1	10	2	20	0.00471429	0	0.00471429	0.00471429	10	0	10	10	
8.6	8.65	1	1	1	4	20	1052	22	1143	0.00407143	0.00165589	0	0.00471429	51.9545	36.5129	2	177	
8.65	8.7	1	1	1	4	15	996	18	1046	0.00419048	0.00152451	0	0.00471429	58.1111	36.1189	2	133	
8.7	8.75	1	1	1	4	21	1054	25	1106	0.00414857	0.00156355	0	0.00471429	44.24	20.0027	2	90	
8.75	8.8	1	1	1	4	20	1227	20	1139	0.00424286	0.00145103	0	0.00471429	56.95	31.3914	2	133	
8.8	8.85	1	1	1	1	1	33	2	66	0.00471429	0	0.00471429	0.00471429	33	0	33	33	
8.8	8.85	1	1	1	4	16	955	19	917	0.00396992	0.00176613	0	0.00471429	48.2632	30.8686	2	133	
8.85	8.9	1	1	1	4	20	1052	23	1146	0.00430435	0.0013582	0	0.00471429	49.8261	22.6428	2	90	
8.9	8.95	1	1	1	4	15	909	18	915	0.00392857	0.00180785	0	0.00471429	50.8333	33.2234	2	133	
8.95	9	1	1	1	4	21	1141	22	1099	0.00428571	0.00138715	0	0.00471429	49.9545	26.6985	2	133	
9	9.05	1	1	1	4	19	1006	22	1012	0.00428571	0.00138715	0	0.00471429	46	19.2032	2	90	
9.05	9.1	1	1	1	1	1	10	2	20	0.00471429	0	0.00471429	0.00471429	10	0	10	10	
9.05	9.1	1	1	1	4	17	1046	19	1006	0.00396992	0.00176613	0	0.00471429	52.9474	30.2829	2	90	
9.1	9.15	1	1	1	4	17	957	20	1051	0.00424286	0.00145103	0	0.00471429	52.55	29.3714	2	133	
9.15	9.2	1	1	1	4	22	1100	24	1060	0.004125	0.00159264	0	0.00471429	44.1667	20.4294	2	90	
9.2	9.25	1	1	1	4	16	868	19	918	0.00421804	0.00148642	0	0.00471429	48.3158	23.0677	2	90	
9.25	9.3	1	1	1	4	17	1001	18	872	0.00419048	0.00152451	0	0.00471429	48.4444	23.7294	2	90	
9.3	9.35	1	1	1	1	1	33	2	66	0.00471429	0	0.00471429	0.00471429	33	0	33	33	
9.3	9.35	1	1	1	4	16	824	20	963	0.00400714	0.00172707	0	0.00471429	48.15	30.0496	2	133	
9.35	9.4	1	1	1	4	18	1091	19	1049	0.00421804	0.00148642	0	0.00471429	55.2105	31.2456	2	133	
9.4	9.45	1	1	1	4	16	867	18	784	0.00419048	0.00152451	0	0.00471429	43.5556	18.3118	2	90	
9.45	9.5	1	1	1	4	15	866	19	961	0.00396992	0.00176613	0	0.00471429	50.5789	32.3064	2	133	
9.5	9.55	1	1	1	4	20	1052	22	1100	0.00428571	0.00138715	0	0.00471429	50	23.1599	2	90	
9.55	9.6	1	1	1	1	1	10	2	20	0.00471429	0	0.00471429	0.00471429	10	0	10	10	
9.55	9.6	1	1	1	4	17	1045	20	1007	0.00400714	0.00172707	0	0.00471429	50.35	31.4614	2	133	
9.6	9.65	1	1	1	4	17	914	18	916	0.00419048	0.00152451	0	0.00471429	50.8889	25.6513	2	90	
9.65	9.7	1	1	1	4	18	1003	21	966	0.00426531	0.00141802	0	0.00471429	46	19.6774	2	90	
9.7	9.75	1	1	1	4	14	907	16	910	0.00383036	0.00190039	0	0.00471429	56.875	40.7118	2	133	
9.75	9.8	1	1	1	4	16	956	19	1006	0.00421804	0.00148642	0	0.00471429	52.9474	26.4942	2	90	
9.8	9.85	1	1	1	1	1	33	2	66	0.00471429	0	0.00471429	0.00471429	33	0	33	33	
9.8	9.85	1	1	1	4	15	909	19	1005	0.00396992	0.00176613	0	0.00471429	52.8947	33.5143	2	133	
9.85	9.9	1	1	1	4	21	1228	22	1099	0.00428571	0.00138715	0	0.00471429	49.9545	26.6985	2	133	
9.9	9.95	1	1	1	4	17	1088	19	1135	0.00396992	0.00176613	0	0.00471429	59.7368	41.3237	2	133	
9.95	10	1	1	1	4	19	1050	22	1056	0.00428571	0.00138715	0	0.00471429	48	21.372	2	90	
10	10.05	1	1	1	1	1	10	2	20	0.00471429	0	0.00471429	0.00471429	10	0	10	10	
10	10.05	1	1	1	4	17	1002	19	1050	0.00421804	0.00148642	0	0.00471429	55.2632	27.7466	2	90	
10.05	10.1	1	1	1	4	16	868	19	874	0.00396992	0.00176613	0	0.00471429	46	25.4034	2	90	
10.1	10.15	1	1	1	4	22	1144	23	1102	0.00430435	0.0013582	0	0.00471429	47.913	20.8848	2	90	
10.15	10.2	1	1	1	4	34	2752	37	2567	0.00433205	0.00130456	0	0.00471429	69.3784	39.9822	2	169	
10.2	10.25	1	1	1	4	32	2525	34	2696	0.00443697	0.00112592	0	0.00471429	79.2941	51.2667	2	280	
10.25	10.3	1	1	1	1	1	33	2	66	0.00471429	0	0.00471429	0.00471429	33	0	33	33	
10.25	10.3	1	1	1	4	23	1937	26	1967	0.00439011	0.00130716	0	0.00571429	75.6538	52.1934	2	220	
10.3	10.35	1	1	1	4	18	916	22	1012	0.00385714	0.00186106	0	0.00471429	46	23.519	2	90	
10.35	10.4	1	1	1	4	6	407	9	457	0.00366667	0.0020788	0	0.00471429	50.7778	51.024	2	177	
10.4	10.45	1	1	1	4	11	637	12	595	0.00392857	0.00183503	0	0.00471429	49.5833	34.6711	2	133	
10.45	10.5	1	1	1	4	18	1977	21	2027	0.00426531	0.00141802	0	0.00471429	96.5238	58.7525	2	257	
10.5	10.55	1	1	1	1	1	10	2	20	0.00471429	0	0.00471429	0.00471429	10	0	10	10	
10.5	10.55	1	1	1	4	29	3295	30	2866	0.00424286	0.00143846	0	0.00471429	95.5333	65.7045	2	289	
10.55	10.6	1	1	1	4	20	1611	23	2004	0.00430435	0.0013582	0	0.00471429	87.1304	64.2794	2	289	
10.6	10.65	1	1	1	4	14	864	16	824	0.004125	0.00161023	0	0.00471429	51.5	27.2421	2	90	
10.65	10.7	1	1	1	4	11	681	14	731	0.00370408	0.00200741	0	0.00471429	52.2143	37.8706	2	133	
10.7	10.75	1	1	1	4	11	680	13	684	0.00398901	0.00177037	0	0.00471429	52.6154	39.2015	2	133	
10.75	10.8	1	1	1	1	1	33	2	66	0.00471429	0	0.00471429	0.00471429	33	0	33	33	
10.75	10.8	1	1	1	4	10	765	13	640	0.00362637	0.00206735	0	0.00471429	49.2308	41.6436	2	133	
10.8	10.85	1	1	1	4	11	682	13	773	0.00398901	0.00177037	0	0.00471429	59.4615	45.1712	2	177	
10.85	10.9	1	1	1	4	11	682	12	684	0.00392857	0.00183503	0	0.00471429	57	33.1662	2	90	
10.9	10.95	1	1	1	4	12	727	15	777	0.00408571	0.0016588	0	0.00471429	51.8	40.0575	2	177	
10.95	11	1	1	1	4	13	816	15	820	0.00408571	0.0016588	0	0.00471429	54.6667	37.6253	2	133	
11	11.05	1	1	1	1	1	10	2	20	0.00471429	0	0.00471429	0.00471429	10	0	10	10	
11	11.05	1	1	1	4	12	684	14	644	0.00370408	0.00200741	0	0.00471429	46	29.8921	2	90	
11.05	11.1	1	1	1	4	12	683	15	733	0.00408571	0.0016588	0	0.00471429	48.8667	30.7684	2	133	
11.1	11.15	1	1	1	4	11	725	14	775	0.00404082	0.00171193	0	0.00471429	55.3571	42.6788	2	177	
11.15	11.2	1	1	1	4	13	772	15	732	0.00377143	0.0019519	0	0.00471429	48.8	50.6856	2	220	
11.2	11.25	1	1	1	1	1	33	2	66	0.00471429	0	0.00471429	0.00471429	33	0	33	33	
11.2	11.25	1	1	1	4	14	776	16	780	0.004125	0.00161023	0	0.00471429	48.75	25.2441	2	90	
11.25	11.3	1	1	1	4	13	730	15	734	0.00408571	0.0016588	0	0.00471429	48.9333	26.1191	2	90	
11.3	11.35	1	1	1	4	19	1006	21	1010	0.00426531	0.00141802	0	0.00471429	48.0952	21.895	2	90	
11.35	11.4	1	1	1	4	11	594	14	600	0.00370408	0.00200741	0	0.00471429	42.8571	27.092	2	90	
11.4	11.45	1	1	1	4	13	729	16	779	0.004125	0.00161023	0	0.00471429	48.6875	29.7337	2	133	
11.45	11.5	1	1	1	1	1	10	2	20	0.00471429	0	0.00471429	0.00471429	10	0	10	10	
11.45	11.5	1	1	1	4	16	912	16	780	0.004125	0.00161023	0	0.00471429	48.75	25.2441	2	90	
11.5	11.55	1	1	1	4	13	686	18	828	0.00392857	0.00180785	0	0.00471429	46	26.1399	2	90	
11.55	11.6	1	1	1	4	17	958	17	870	0.00415966	0.00156564	0	0.00471429	51.1765	26.4108	2	90	
11.6	11.65	1	1	1	4	13	598	17	694	0.00415966	0.00156564	0	0.00471429	40.8235	14.6126	2	46	
11.65	11.7	1	1	1	4	18	1047	19	961	0.00421804	0.00148642	0	0.00471429	50.5789	28.7853	2	133	
11.7	11.75	1	1	1	1	1	33	2	66	0.00471429	0	0.00471429	0.00471429	33	0	33	33	
11.7	11.75	1	1	1	4	9	590	12	640	0.00353571	0.00213212	0	0.00471429	53.3333	36.7333	2	90	
11.75	11.8	1	1	1	4	12	771	14	775	0.00404082	0.00171193	0	0.00471429	55.3571	42.6788	2	177	
11.8	11.85	1	1	1	4	16	868	19	874	0.00396992	0.00176613	0	0.00471429	46	25.4034	2	90	
11.85	11.9	1	1	1	4	13	861	15	865	0.00408571	0.0016588	0	0.00471429	57.6667	34.9932	2	133	
11.9	11.95	1	1	1	4	15	865	16	823	0.004125	0.00161023	0	0.00471429	51.4375	31.4536	2	133	
11.95	12	1	1	1	1	1	10	2	20	0.00471429	0	0.00471429	0.00471429	10	0	10	10	
11.95	12	1	1	1	4	15	865	18	871	0.00392857	0.00180785	0	0.00471429	48.3889	31.7585	2	133	
12	12.05	1	1	1	4	12	771	15	821	0.00408571	0.0016588	0	0.00471429	54.7333	41.1972	2	177	
12.05	12.1	1	1	1	4	12	771	15	821	0.00408571	0.0016588	0	0.00471429	54.7333	33.9168	2	133	
12.1	12.15	1	1	1	4	12	901	13	728	0.00362637	0.00206735	0	0.00471429	56	50.9689	2	177	
12.15	12.2	1	1	1	4	12	727	16	910	0.004125	0.00161023	0	0.00471429	56.875	37.4074	2	133	
12.2	12.25	1	1	1	1	1	33	2	66	0.00471429	0	0.00471429	0.00471429	33	0	33	33	
12.2	12.25	1	1	1	4	12	639	13	597	0.00398901	0.00177037	0	0.00471429	45.9231	30.8773	2	133	
12.25	12.3	1	1	1	4	15	910	16	868	0.004125	0.00161023	0	0.00471429	54.25	28.8248	2	90	
12.3	12.35	1	1	1	4	12	772	15	778	0.00377143	0.0019519	0	0.00471429	51.8667	32.7018	2	90	
12.35	12.4	1	1	1	4	12	770	15	820	0.00408571	0.0016588	0	0.00471429	54.6667	37.6253	2	133	
12.4	12.45	1	1	1	1	1	10	2	20	0.00471429	0	0.00471429	0.00471429	10	0	10	10	
12.4	12.45	1	1	1	4	11	681	14	731	0.00404082	0.00171193	0	0.00471429	52.2143	33.7096	2	133	
12.45	12.5	1	1	1	4	15	953	17	913	0.00388235	0.00185249	0	0.00471429	53.7059	35.4538	2	133	
12.5	12.55	1	1	1	4	13	730	15	734	0.00408571	0.0016588	0	0.00471429	48.9333	26.1191	2	90	
12.55	12.6	1	1	1	4	16	780	18	784	0.00419048	0.00152451	0	0.00471429	43.5556	18.3118	2	90	
12.6	12.65	1	1	1	4	14	863	16	780	0.004125	0.00161023	0	0.00471429	48.75	25.2441	2	90	
12.65	12.7	1	1	1	1	1	33	2	66	0.00471429	0	0.00471429	0.00471429	33	0	33	33	
12.65	12.7	1	1	1	4	16	824	19	917	0.00396992	0.00176613	0	0.00471429	48.2632	30.8686	2	133	
12.7	12.75	1	1	1	4	17	1045	17	957	0.00415966	0.00156564	0	0.00471429	56.2941	32.9617	2	133	
12.75	12.8	1	1	1	4	14	776	18	828	0.00419048	0.00152451	0	0.00471429	46	21.3431	2	90	
12.8	12.85	1	1	1	4	15	953	18	1003	0.00392857	0.00180785	0	0.00471429	55.7222	35.4431	2	133	
12.85	12.9	1	1	1	4	15	821	17	825	0.00415966	0.00156564	0	0.00471429	48.5294	28.797	2	133	
12.9	12.95	1	1	1	4	5	318	7	366	0.00404082	0.00178183	0	0.00471429	52.2857	30.3629	2	90	
13.1	13.15	1	1	1	1	1	10	2	20	0.00471429	0	0.00471429	0.00471429	10	0	10	10	
13.1	13.15	1	1	1	4	1	1351	2	1353	0.00235714	0.0033335	0	0.00471429	676.5	953.887	2	1351	
13.15	13.2	1	1	1	1	1	33	2	66	0.00471429	0	0.00471429	0.00471429	33	0	33	33	
13.2	13.25	1	1	1	4	17	870	17	782	0.00415966	0.00156564	0	0.00471429	46	22	2	90	
13.25	13.3	1	1	1	4	2	326	5	142	0.00282857	0.00258212	0	0.00471429	28.4	24.0998	2	46	
13.3	13.35	1	1	1	4	25	2119	29	2405	0.0042266	0.00146112	0	0.00471429	82.931	62.3578	2	280	
13.35	13.4	1	1	1	4	8	1020	8	852	0.00353571	0.00218229	0	0.00471429	106.5	134.288	2	391	
13.4	13.45	1	1	1	1	1	10	2	20	0.00471429	0	0.00471429	0.00471429	10	0	10	10	
13.4	13.45	1	1	1	4	11	685	15	861	0.00408571	0.0016588	0	0.00471429	57.4	41.3172	2	169	
13.45	13.5	1	1	1	4	11	637	13	597	0.00362637	0.00206735	0	0.00471429	45.9231	35.7222	2	133	
13.5	13.55	1	1	1	4	8	412	11	462	0.00385714	0.00190702	0	0.00471429	42	23.7318	2	90	
13.55	13.6	1	1	1	4	16	955	17	913	0.00415966	0.00156564	0	0.00471429	53.7059	31.8586	2	133	
13.6	13.65	1	1	1	1	1	33	2	66	0.00471429	0	0.00471429	0.00471429	33	0	33	33	
13.6	13.65	1	1	1	4	4	359	6	319	0.00314286	0.00243445	0	0.00471429	53.1667	51.125	2	133	
13.65	13.7	1	1	1	4	15	866	18	916	0.00392857	0.00180785	0	0.00471429	50.8889	29.7616	2	90	
13.7	13.75	1	1	1	4	6	494	7	408	0.00336735	0.00230034	0	0.00471429	58.2857	54.7014	2	133	
13.75	13.8	1	1	1	4	13	685	16	779	0.004125	0.00161023	0	0.00471429	48.6875	29.7337	2	133	
13.8	13.85	1	1	1	4	12	727	15	733	0.00377143	0.0019519	0	0.00471429	48.8667	34.9752	2	133	
13.85	13.9	1	1	1	1	1	10	2	20	0.00471429	0	0.00471429	0.00471429	10	0	10	10	
13.85	13.9	1	1	1	4	10	592	11	506	0.00385714	0.00190702	0	0.00471429	46	27.828	2	90	
13.9	13.95	1	1	1	4	14	776	17	826	0.00415966	0.00156564	0	0.00471429	48.5882	24.4516	2	90	
13.95	14	1	1	1	4	11	594	13	642	0.00398901	0.00177037	0	0.00471429	49.3846	28.1826	2	90	
14	14.05	1	1	1	4	14	907	16	780	0.004125	0.00161023	0	0.00471429	48.75	25.2441	2	90	
14.05	14.1	1	1	1	4	11	681	12	639	0.00353571	0.00213212	0	0.00471429	53.25	48.8134	2	177	
14.1	14.15	1	1	1	1	1	33	2	66	0.00471429	0	0.00471429	0.00471429	33	0	33	33	
14.1	14.15	1	1	1	4	12	683	17	912	0.00415966	0.00156564	0	0.00471429	53.6471	35.3128	2	133	
14.15	14.2	1	1	1	4	9	632	11	636	0.00385714	0.00190702	0	0.00471429	57.8182	44.0564	2	133	
14.2	14.25	1	1	1	4	12	859	13	729	0.00362637	0.00206735	0	0.00471429	56.0769	47.8338	2	177	
14.25	14.3	1	1	1	4	10	679	13	773	0.00398901	0.00177037	0	0.00471429	59.4615	37.4491	2	133	
14.3	14.35	1	1	1	4	13	774	15	734	0.00408571	0.0016588	0	0.00471429	48.9333	26.1191	2	90	
14.35	14.4	1	1	1	1	1	10	2	20	0.00471429	0	0.00471429	0.00471429	10	0	10	10	
14.35	14.4	1	1	1	4	14	776	16	824	0.004125	0.00161023	0	0.00471429	51.5	27.2421	2	90	
14.4	14.45	1	1	1	4	10	678	13	597	0.00362637	0.00206735	0	0.00471429	45.9231	35.7222	2	133	
14.45	14.5	1	1	1	4	13	817	15	864	0.00408571	0.0016588	0	0.00471429	57.6	38.6038	2	133	
14.5	14.55	1	1	1	4	11	725	14	731	0.00370408	0.00200741	0	0.00471429	52.2143	44.9789	2	177	
14.55	14.6	1	1	1	4	9	590	10	636	0.00424286	0.00149079	0	0.00471429	63.6	30.7651	2	90	
14.6	14.65	1	1	1	1	1	33	2	66	0.00471429	0	0.00471429	0.00471429	33	0	33	33	
14.6	14.65	1	1	1	4	11	594	14	600	0.00370408	0.00200741	0	0.00471429	42.8571	27.092	2	90	
14.65	14.7	1	1	1	4	14	820	16	824	0.004125	0.00161023	0	0.00471429	51.5	27.2421	2	90	
14.7	14.75	1	1	1	4	11	681	15	733	0.00377143	0.0019519	0	0.00471429	48.8667	34.9752	2	133	
14.75	14.8	1	1	1	4	13	860	14	774	0.00404082	0.00171193	0	0.00471429	55.2857	45.9053	2	177	
14.8	14.85	1	1	1	1	1	10	2	20	0.00471429	0	0.00471429	0.00471429	10	0	10	10	
14.8	14.85	1	1	1	4	14	775	15	690	0.00408571	0.0016588	0	0.00471429	46	23.519	2	90	
14.85	14.9	1	1	1	4	16	868	18	915	0.00392857	0.00180785	0	0.00471429	50.8333	33.2234	2	133	
14.9	14.95	1	1	1	4	10	548	15	690	0.00408571	0.0016588	0	0.00471429	46	23.519	2	90	
14.95	15	1	1	1	4	16	956	17	870	0.00415966	0.00156564	0	0.00471429	51.1765	26.4108	2	90	
15	15.05	1	1	1	4	12	771	16	867	0.00383036	0.00190039	0	0.00471429	54.1875	36.559	2	133	
15.05	15.1	1	1	1	1	1	33	2	66	0.00471429	0	0.00471429	0.00471429	33	0	33	33	
15.05	15.1	1	1	1	4	14	819	15	733	0.00408571	0.0016588	0	0.00471429	48.8667	38.6465	2	177	
15.1	15.15	1	1	1	4	15	822	17	826	0.00415966	0.00156564	0	0.00471429	48.5882	24.4516	2	90	
15.15	15.2	1	1	1	4	14	776	17	826	0.00388235	0.00185249	0	0.00471429	48.5882	28.9807	2	90	
15.2	15.25	1	1	1	4	19	962	20	920	0.00424286	0.00145103	0	0.00471429	46	20.1886	2	90	
15.25	15.3	1	1	1	4	12	684	16	780	0.004125	0.00161023	0	0.00471429	48.75	25.2441	2	90	
15.3	15.35	1	1	1	1	1	10	2	20	0.00471429	0	0.00471429	0.00471429	10	0	10	10	
15.3	15.35	1	1	1	4	14	863	16	779	0.00383036	0.00190039	0	0.00471429	48.6875	33.7969	2	133	
15.35	15.4	1	1	1	4	13	642	15	690	0.00408571	0.0016588	0	0.00471429	46	23.519	2	90	
15.4	15.45	1	1	1	4	14	820	16	824	0.004125	0.00161023	0	0.00471429	51.5	27.2421	2	90	
15.45	15.5	1	1	1	4	11	769	13	729	0.00398901	0.00177037	0	0.00471429	56.0769	36.4336	2	133	
15.5	15.55	1	1	1	4	14	820	17	870	0.00388235	0.00185249	0	0.00471429	51.1765	30.6517	2	90	
15.55	15.6	1	1	1	1	1	33	2	66	0.00471429	0	0.00471429	0.00471429	33	0	33	33	
15.55	15.6	1	1	1	4	13	817	15	821	0.00408571	0.0016588	0	0.00471429	54.7333	33.9168	2	133	
15.6	15.65	1	1	1	4	13	773	17	825	0.00388235	0.00185249	0	0.00471429	48.5294	32.7302	2	133	
15.65	15.7	1	1	1	4	11	769	12	683	0.00392857	0.00183503	0	0.00471429	56.9167	37.9221	2	133	
15.7	15.75	1	1	1	4	16	911	18	915	0.00392857	0.00180785	0	0.00471429	50.8333	33.2234	2	133	
15.75	15.8	1	1	1	4	11	638	14	688	0.00404082	0.00171193	0	0.00471429	49.1429	27.092	2	90	
15.8	15.85	1	1	1	1	1	10	2	20	0.00471429	0	0.00471429	0.00471429	10	0	10	10	
15.8	15.85	1	1	1	4	10	592	12	596	0.00392857	0.00183503	0	0.00471429	49.6667	29.4165	2	90	
15.85	15.9	1	1	1	4	15	866	18	872	0.00392857	0.00180785	0	0.00471429	48.4444	28.122	2	90	
15.9	15.95	1	1	1	4	11	594	14	644	0.00404082	0.00171193	0	0.00471429	46	24.4068	2	90	
15.95	16	1	1	1	4	18	960	18	872	0.00419048	0.00152451	0	0.00471429	48.4444	23.7294	2	90	
16	16.05	1	1	1	1	1	33	2	66	0.00471429	0	0.00471429	0.00471429	33	0	33	33	
16	16.05	1	1	1	4	12	683	16	735	0.00383036	0.00190039	0	0.00471429	45.9375	31.9509	2	133	
16.05	16.1	1	1	1	4	15	778	17	782	0.00415966	0.00156564	0	0.00471429	46	22	2	90	
16.1	16.15	1	1	1	4	15	822	17	826	0.00415966	0.00156564	0	0.00471429	48.5882	24.4516	2	90	
16.15	16.2	1	1	1	4	14	863	17	869	0.00388235	0.00185249	0	0.00471429	51.1176	34.2233	2	133	
16.2	16.25	1	1	1	4	14	732	16	736	0.004125	0.00161023	0	0.00471429	46	22.7215	2	90	
16.25	16.3	1	1	1	1	1	10	2	20	0.00471429	0	0.00471429	0.00471429	10	0	10	10	
16.25	16.3	1	1	1	4	14	950	16	910	0.004125	0.00161023	0	0.00471429	56.875	37.4074	2	133	
16.3	16.35	1	1	1	4	13	686	17	738	0.00366387	0.00210862	0	0.00571429	43.4118	28.9807	2	90	
16.35	16.4	1	1	1	4	17	1002	19	962	0.00396992	0.00176613	0	0.00471429	50.6316	24.9538	2	90	
16.4	16.45	1	1	1	4	2	266	3	138	0.00314286	0.00272179	0	0.00471429	46	44	2	90	
16.45	16.5	1	1	1	4	12	684	17	956	0.00388235	0.00185249	0	0.00471429	56.2353	50.0694	2	220	
16.5	16.55	1	1	1	1	1	33	2	66	0.00471429	0	0.00471429	0.00471429	33	0	33	33	
16.5	16.55	1	1	1	4	14	908	14	776	0.00404082	0.00171193	0	0.00471429	55.4286	30.7689	2	90	
16.55	16.6	1	1	1	4	13	773	17	782	0.00388235	0.00185249	0	0.00471429	46	26.9444	2	90	
16.6	16.65	1	1	1	4	16	780	18	871	0.00419048	0.00152451	0	0.00471429	48.3889	27.9435	2	133	
16.65	16.7	1	1	1	4	13	730	14	688	0.00404082	0.00171193	0	0.00471429	49.1429	27.092	2	90	
16.7	16.75	1	1	1	4	12	772	15	778	0.00377143	0.0019519	0	0.00471429	51.8667	32.7018	2	90	
16.75	16.8	1	1	1	1	1	10	2	20	0.00471429	0	0.00471429	0.00471429	10	0	10	10	
16.75	16.8	1	1	1	4	19	962	21	966	0.00426531	0.00141802	0	0.00471429	46	19.6774	2	90	
16.8	16.85	1	1	1	4	11	593	14	643	0.00404082	0.00171193	0	0.00471429	45.9286	29.666	2	133	
16.85	16.9	1	1	1	4	15	953	18	915	0.00392857	0.00180785	0	0.00471429	50.8333	33.2234	2	133	
16.9	16.95	1	1	1	4	15	822	18	916	0.00419048	0.00152451	0	0.00471429	50.8889	25.6513	2	90	
16.95	17	1	1	1	4	14	819	13	641	0.00398901	0.00177037	0	0.00471429	49.3077	33.2099	2	133	
17	17.05	1	1	1	1	1	33	2	66	0.00471429	0	0.00471429	0.00471429	33	0	33	33	
17	17.05	1	1	1	4	12	684	17	782	0.00388235	0.00185249	0	0.00471429	46	26.9444	2	90	
17.05	17.1	1	1	1	4	11	637	13	685	0.00398901	0.00177037	0	0.00471429	52.6923	35.0366	2	133	
17.1	17.15	1	1	1	4	17	913	20	919	0.00400714	0.00172707	0	0.00471429	45.95	28.3892	2	133	
17.15	17.2	1	1	1	4	12	684	13	598	0.00398901	0.00177037	0	0.00471429	46	25.4034	2	90	
17.2	17.25	1	1	1	1	1	10	2	20	0.00471429	0	0.00471429	0.00471429	10	0	10	10	
17.2	17.25	1	1	1	4	13	818	16	868	0.00383036	0.00190039	0	0.00471429	54.25	28.8248	2	90	
17.25	17.3	1	1	1	4	6	407	9	501	0.00366667	0.0020788	0	0.00471429	55.6667	42.5323	2	133	
17.3	17.35	1	1	1	4	12	771	12	683	0.00392857	0.00183503	0	0.00471429	56.9167	37.9221	2	133	
17.35	17.4	1	1	1	4	13	774	16	780	0.00383036	0.00190039	0	0.00471429	48.75	29.9232	2	90	
17.4	17.45	1	1	1	4	11	506	14	556	0.00404082	0.00171193	0	0.00471429	39.7143	15.978	2	46	
17.45	17.5	1	1	1	1	1	33	2	66	0.00471429	0	0.00471429	0.00471429	33	0	33	33	
17.45	17.5	1	1	1	4	12	858	14	775	0.00404082	0.00171193	0	0.00471429	55.3571	35.1078	2	133	
17.5	17.55	1	1	1	4	11	682	14	775	0.00370408	0.00200741	0	0.00471429	55.3571	39.1203	2	133	
17.55	17.6	1	1	1	4	12	640	14	644	0.00404082	0.00171193	0	0.00471429	46	24.4068	2	90	
17.6	17.65	1	1	1	4	12	728	14	732	0.00404082	0.00171193	0	0.00471429	52.2857	29.1717	2	90	
17.65	17.7	1	1	1	4	12	640	15	646	0.00377143	0.0019519	0	0.00471429	43.0667	26.1191	2	90	
17.7	17.75	1	1	1	1	1	10	2	20	0.00471429	0	0.00471429	0.00471429	10	0	10	10	
17.7	17.75	1	1	1	4	12	596	14	600	0.00404082	0.00171193	0	0.00471429	42.8571	20.8838	2	90	
17.75	17.8	1	1	1	4	12	728	14	732	0.00404082	0.00171193	0	0.00471429	52.2857	29.1717	2	90	
17.8	17.85	1	1	1	4	17	870	19	830	0.00396992	0.00176613	0	0.00471429	43.6842	23.0677	2	90	
17.85	17.9	1	1	1	4	11	637	15	733	0.00377143	0.0019519	0	0.00471429	48.8667	30.7684	2	133	
17.9	17.95	1	1	1	4	11	550	13	554	0.00398901	0.00177037	0	0.00471429	42.6154	21.7161	2	90	
17.95	18	1	1	1	1	1	33	2	66	0.00471429	0	0.00471429	0.00471429	33	0	33	33	
17.95	18	1	1	1	4	12	686	12	598	0.00392857	0.00183503	0	0.00471429	49.8333	28.9257	2	90	
18	18.05	1	1	1	4	11	638	15	690	0.00377143	0.0019519	0	0.00471429	46	28.8048	2	90	
18.05	18.1	1	1	1	4	11	594	14	644	0.00404082	0.00171193	0	0.00471429	46	24.4068	2	90	
18.1	18.15	1	1	1	4	10	636	12	552	0.00353571	0.00213212	0	0.00471429	46	32.4962	2	90	
18.15	18.2	1	1	1	4	10	679	12	727	0.00392857	0.00183503	0	0.00471429	60.5833	38.8855	2	133	
18.2	18.25	1	1	1	1	1	10	2	20	0.00471429	0	0.00471429	0.00471429	10	0	10	10	
18.2	18.25	1	1	1	4	14	864	16	824	0.004125	0.00161023	0	0.00471429	51.5	27.2421	2	90	
18.25	18.3	1	1	1	4	15	778	18	828	0.00392857	0.00180785	0	0.00471429	46	26.1399	2	90	
18.3	18.35	1	1	1	4	13	642	15	646	0.00408571	0.0016588	0	0.00471429	43.0667	20.1405	2	90	
18.35	18.4	1	1	1	4	13	774	16	824	0.004125	0.00161023	0	0.00471429	51.5	27.2421	2	90	
18.4	18.45	1	1	1	1	1	33	2	66	0.00471429	0	0.00471429	0.00471429	33	0	33	33	
18.4	18.45	1	1	1	4	14	776	14	600	0.00370408	0.00200741	0	0.00471429	42.8571	27.092	2	90	
18.45	18.5	1	1	1	4	10	635	14	775	0.00370408	0.00200741	0	0.00471429	55.3571	35.1078	2	133	
18.5	18.55	1	1	1	4	10	679	13	641	0.00362637	0.00206735	0	0.00471429	49.3077	37.7566	2	133	
18.55	18.6	1	1	1	4	8	587	10	635	0.00377143	0.00198772	0	0.00471429	63.5	51.4009	2	177	
18.6	18.65	1	1	1	4	14	776	17	826	0.00415966	0.00156564	0	0.00471429	48.5882	24.4516	2	90	
18.65	18.7	1	1	1	1	1	10	2	20	0.00471429	0	0.00471429	0.00471429	10	0	10	10	
18.65	18.7	1	1	1	4	11	769	13	642	0.00362637	0.00206735	0	0.00471429	49.3846	33.4204	2	90	
18.7	18.75	1	1	1	4	14	776	16	823	0.004125	0.00161023	0	0.00471429	51.4375	31.4536	2	133	
18.75	18.8	1	1	1	4	12	684	14	732	0.00404082	0.00171193	0	0.00471429	52.2857	29.1717	2	90	
18.8	18.85	1	1	1	4	14	732	15	646	0.00408571	0.0016588	0	0.00471429	43.0667	20.1405	2	90	
18.85	18.9	1	1	1	4	13	686	17	782	0.00388235	0.00185249	0	0.00471429	46	26.9444	2	90	
18.9	18.95	1	1	1	1	1	33	2	66	0.00471429	0	0.00471429	0.00471429	33	0	33	33	
18.9	18.95	1	1	1	4	13	686	15	690	0.00408571	0.0016588	0	0.00471429	46	23.519	2	90	
18.95	19	1	1	1	4	13	817	16	867	0.004125	0.00161023	0	0.00471429	54.1875	32.8394	2	133	
19	19.05	1	1	1	4	12	683	13	554	0.00398901	0.00177037	0	0.00471429	42.6154	21.7161	2	90	
19.05	19.1	1	1	1	4	13	773	17	912	0.00388235	0.00185249	0	0.00471429	53.6471	38.5875	2	133	
19.1	19.15	1	1	1	4	15	866	16	824	0.004125	0.00161023	0	0.00471429	51.5	27.2421	2	90	
19.15	19.2	1	1	1	1	1	10	2	20	0.00471429	0	0.00471429	0.00471429	10	0	10	10	
19.15	19.2	1	1	1	4	11	638	15	690	0.00377143	0.0019519	0	0.00471429	46	28.8048	2	90	
19.2	19.25	1	1	1	4	10	548	11	506	0.00385714	0.00190702	0	0.00471429	46	27.828	2	90	
19.25	19.3	1	1	1	4	11	725	13	729	0.00398901	0.00177037	0	0.00471429	56.0769	36.4336	2	133	
19.3	19.35	1	1	1	4	11	681	14	687	0.00370408	0.00200741	0	0.00471429	49.0714	36.2862	2	133	
19.35	19.4	1	1	1	4	10	635	12	595	0.00392857	0.00183503	0	0.00471429	49.5833	34.6711	2	133	
19.4	19.45	1	1	1	1	1	33	2	66	0.00471429	0	0.00471429	0.00471429	33	0	33	33	
19.4	19.45	1	1	1	4	13	598	15	646	0.00408571	0.0016588	0	0.00471429	43.0667	20.1405	2	90	
19.45	19.5	1	1	1	4	12	772	14	732	0.00404082	0.00171193	0	0.00471429	52.2857	29.1717	2	90	
19.5	19.55	1	1	1	4	10	548	12	552	0.00353571	0.00213212	0	0.00471429	46	32.4962	2	90	
19.55	19.6	1	1	1	4	13	773	17	869	0.00415966	0.00156564	0	0.00471429	51.1176	30.4834	2	133	
19.6	19.65	1	1	1	1	1	10	2	20	0.00471429	0	0.00471429	0.00471429	10	0	10	10	
19.6	19.65	1	1	1	4	8	586	11	592	0.00342857	0.00220204	0	0.00471429	53.8182	54.6495	2	177	
19.65	19.7	1	1	1	4	12	683	14	687	0.00404082	0.00171193	0	0.00471429	49.0714	31.9193	2	133	
19.7	19.75	1	1	1	4	10	722	11	680	0.00385714	0.00190702	0	0.00471429	61.8182	52.7121	2	177	
19.75	19.8	1	1	1	4	11	681	14	687	0.00370408	0.00200741	0	0.00471429	49.0714	36.2862	2	133	
19.8	19.85	1	1	1	4	10	548	12	552	0.00392857	0.00183503	0	0.00471429	46	26.533	2	90	
19.85	19.9	1	1	1	1	1	33	2	66	0.00471429	0	0.00471429	0.00471429	33	0	33	33	
19.85	19.9	1	1	1	4	11	638	13	642	0.00398901	0.00177037	0	0.00471429	49.3846	28.1826	2	90	
19.9	19.95	1	1	1	4	15	822	18	828	0.00392857	0.00180785	0	0.00471429	46	26.1399	2	90	
19.95	20	1	1	1	4	11	594	13	598	0.00398901	0.00177037	0	0.00471429	46	25.4034	2	90	
20	20.05	1	1	1	4	9	589	12	639	0.00392857	0.00183503	0	0.00471429	53.25	36.5342	2	133	
20.05	20.1	1	1	1	4	10	592	11	550	0.00385714	0.00190702	0	0.00471429	50	30.8286	2	90	
20.1	20.15	1	1	1	1	1	10	2	20	0.00471429	0	0.00471429	0.00471429	10	0	10	10	
20.1	20.15	1	1	1	4	12	771	15	734	0.00359048	0.00229835	0	0.00671429	48.9333	30.9642	2	90	
20.15	20.2	1	1	1	4	13	818	16	911	0.004125	0.00161023	0	0.00471429	56.9375	33.9322	2	133	
20.2	20.25	1	1	1	4	9	634	11	638	0.00385714	0.00190702	0	0.00471429	58	34.5948	2	90	
20.25	20.3	1	1	1	4	11	638	14	644	0.00370408	0.00200741	0	0.00471429	46	29.8921	2	90	
20.3	20.35	1	1	1	4	9	634	11	682	0.00385714	0.00190702	0	0.00471429	62	35.5978	2	90	
20.35	20.4	1	1	1	1	1	33	2	66	0.00471429	0	0.00471429	0.00471429	33	0	33	33	
20.35	20.4	1	1	1	4	9	632	11	592	0.00385714	0.00190702	0	0.00471429	53.8182	42.8225	2	133	
20.4	20.45	1	1	1	4	16	1071	18	1051	0.00392857	0.00180785	0	0.00471429	58.3889	39.2385	2	169	
20.45	20.5	1	1	1	4	21	1720	23	1668	0.00430435	0.0013582	0	0.00471429	72.5217	41.8915	2	169	
20.5	20.55	1	1	1	4	19	1894	21	1850	0.00426531	0.00141802	0	0.00471429	88.0952	45.5301	2	146	
20.55	20.6	1	1	1	4	18	1802	22	1898	0.00407143	0.00165589	0	0.00471429	86.2727	55.7	2	217	
20.6	20.65	1	1	1	1	1	10	2	20	0.00471429	0	0.00471429	0.00471429	10	0	10	10	
20.6	20.65	1	1	1	4	21	1366	23	1454	0.00430435	0.0013582	0	0.00471429	63.2174	32.7066	2	130	
20.65	20.7	1	1	1	4	11	681	13	685	0.00398901	0.00177037	0	0.00471429	52.6923	35.0366	2	133	
20.7	20.75	1	1	1	4	12	596	15	602	0.00377143	0.0019519	0	0.00471429	40.1333	22.7215	2	90	
20.75	20.8	1	1	1	4	12	728	13	686	0.00398901	0.00177037	0	0.00471429	52.7692	30.3044	2	90	
20.8	20.85	1	1	1	1	1	33	2	66	0.00471429	0	0.00471429	0.00471429	33	0	33	33	
20.8	20.85	1	1	1	4	9	590	13	598	0.00362637	0.00206735	0	0.00471429	46	31.1127	2	90	
20.85	20.9	1	1	1	4	9	546	10	548	0.00377143	0.00198772	0	0.00471429	54.8	34.7077	2	90	
20.9	20.95	1	1	1	4	11	506	14	556	0.00404082	0.00171193	0	0.00471429	39.7143	15.978	2	46	
20.95	21	1	1	1	4	12	771	13	685	0.00362637	0.00206735	0	0.00471429	52.6923	46.7785	2	177	
21	21.05	1	1	1	4	13	642	17	738	0.00415966	0.00156564	0	0.00471429	43.4118	18.8648	2	90	
21.05	21.1	1	1	1	1	1	10	2	20	0.00471429	0	0.00471429	0.00471429	10	0	10	10	
21.05	21.1	1	1	1	4	10	548	13	598	0.00398901	0.00177037	0	0.00471429	46	25.4034	2	90	
21.1	21.15	1	1	1	4	10	547	12	551	0.00392857	0.00183503	0	0.00471429	45.9167	32.2503	2	133	
21.15	21.2	1	1	1	4	13	642	15	602	0.00377143	0.0019519	0	0.00471429	40.1333	22.7215	2	90	
21.2	21.25	1	1	1	4	8	500	10	504	0.00377143	0.00198772	0	0.00471429	50.4	32.4661	2	90	
21.25	21.3	1	1	1	4	11	506	14	556	0.00404082	0.00171193	0	0.00471429	39.7143	15.978	2	46	
21.3	21.35	1	1	1	1	1	33	2	66	0.00471429	0	0.00471429	0.00471429	33	0	33	33	
21.3	21.35	1	1	1	4	11	681	13	685	0.00398901	0.00177037	0	0.00471429	52.6923	35.0366	2	133	
21.35	21.4	1	1	1	4	10	504	11	462	0.00385714	0.00190702	0	0.00471429	42	23.7318	2	90	
21.4	21.45	1	1	1	4	9	458	12	508	0.00392857	0.00183503	0	0.00471429	42.3333	22.6569	2	90	
21.45	21.5	1	1	1	4	11	681	13	685	0.00398901	0.00177037	0	0.00471429	52.6923	35.0366	2	133	
21.5	21.55	1	1	1	4	13	729	15	689	0.00377143	0.0019519	0	0.00471429	45.9333	33.0724	2	133	
21.55	21.6	1	1	1	1	1	10	2	20	0.00471429	0	0.00471429	0.00471429	10	0	10	10	
21.55	21.6	1	1	1	4	11	681	12	595	0.00392857	0.00183503	0	0.00471429	49.5833	34.6711	2	133	
21.6	21.65	1	1	1	4	13	686	16	780	0.004125	0.00161023	0	0.00471429	48.75	25.2441	2	90	
21.65	21.7	1	1	1	4	12	596	15	602	0.00377143	0.0019519	0	0.00471429	40.1333	22.7215	2	90	
21.7	21.75	1	1	1	4	8	455	11	505	0.00385714	0.00190702	0	0.00471429	45.9091	33.8244	2	133	
21.75	21.8	1	1	1	4	6	494	8	498	0.00353571	0.00218229	0	0.00471429	62.25	61.516	2	177	
21.8	21.85	1	1	1	1	1	33	2	66	0.00471429	0	0.00471429	0.00471429	33	0	33	33	
21.8	21.85	1	1	1	4	11	638	13	598	0.00362637	0.00206735	0	0.00471429	46	31.1127	2	90	
21.85	21.9	1	1	1	4	10	548	12	552	0.00392857	0.00183503	0	0.00471429	46	26.533	2	90	
21.9	21.95	1	1	1	4	13	686	15	690	0.00408571	0.0016588	0	0.00471429	46	23.519	2	90	
21.95	22	1	1	1	4	8	631	11	593	0.00342857	0.00220204	0	0.00471429	53.9091	43.008	2	133	
22	22.05	1	1	1	1	1	10	2	20	0.00471429	0	0.00471429	0.00471429	10	0	10	10	
22	22.05	1	1	1	4	11	594	13	642	0.00398901	0.00177037	0	0.00471429	49.3846	28.1826	2	90	
22.05	22.1	1	1	1	4	10	504	12	508	0.00392857	0.00183503	0	0.00471429	42.3333	22.6569	2	90	
22.1	22.15	1	1	1	4	12	683	14	643	0.00370408	0.00200741	0	0.00471429	45.9286	34.3208	2	133	
22.15	22.2	1	1	1	4	12	639	15	689	0.00408571	0.0016588	0	0.00471429	45.9333	28.5869	2	133	
22.2	22.25	1	1	1	4	8	586	10	590	0.00377143	0.00198772	0	0.00471429	59	46.2553	2	133	
22.25	22.3	1	1	1	1	1	33	2	66	0.00471429	0	0.00471429	0.00471429	33	0	33	33	
22.25	22.3	1	1	1	4	9	589	11	462	0.00342857	0.00220204	0	0.00471429	42	30.8286	2	90	
22.3	22.35	1	1	1	4	10	635	13	772	0.00398901	0.00177037	0	0.00471429	59.3846	41.3855	2	133	
22.35	22.4	1	1	1	4	12	684	14	688	0.00404082	0.00171193	0	0.00471429	49.1429	27.092	2	90	
22.4	22.45	1	1	1	4	12	640	15	646	0.00377143	0.0019519	0	0.00471429	43.0667	26.1191	2	90	
22.45	22.5	1	1	1	4	10	680	11	594	0.00385714	0.00190702	0	0.00471429	54	33.0333	2	90	
22.5	22.55	1	1	1	1	1	10	2	20	0.00471429	0	0.00471429	0.00471429	10	0	10	10	
22.5	22.55	1	1	1	4	9	502	13	598	0.00362637	0.00206735	0	0.00471429	46	31.1127	2	90	
22.55	22.6	1	1	1	4	9	590	11	594	0.00385714	0.00190702	0	0.00471429	54	33.0333	2	90	
22.6	22.65	1	1	1	4	5	405	6	276	0.00392857	0.0019246	0	0.00471429	46	27.828	2	90	
22.65	22.7	1	1	1	4	10	1317	12	1383	0.00314286	0.00232115	0	0.00471429	115.25	97.727	2	363	
22.7	22.75	1	1	1	4	20	1910	24	2134	0.004125	0.00159264	0	0.00471429	88.9167	55.8904	2	217	
22.75	22.8	1	1	1	1	1	33	2	66	0.00471429	0	0.00471429	0.00471429	33	0	33	33	
22.75	22.8	1	1	1	4	20	2054	20	1838	0.00424286	0.00145103	0	0.00471429	91.9	56.3867	2	217	
22.8	22.85	1	1	1	4	17	1094	20	1300	0.00424286	0.00145103	0	0.00471429	65	36.8182	2	146	
22.85	22.9	1	1	1	4	12	683	15	689	0.00345714	0.00215791	0	0.00471429	45.9333	33.0724	2	133	
22.9	22.95	1	1	1	4	5	274	9	370	0.00366667	0.0020788	0	0.00471429	41.1111	26.4407	2	90	
22.95	23	1	1	1	4	6	407	7	365	0.00336735	0.00230034	0	0.00471429	52.1429	46.7491	2	133	
23	23.05	1	1	1	1	1	10	2	20	0.00471429	0	0.00471429	0.00471429	10	0	10	10	
23	23.05	1	1	1	4	9	458	12	508	0.00392857	0.00183503	0	0.00471429	42.3333	22.6569	2	90	
23.05	23.1	1	1	1	4	11	506	12	464	0.00392857	0.00183503	0	0.00471429	38.6667	17.127	2	46	
23.1	23.15	1	1	1	4	13	686	17	738	0.00388235	0.00185249	0	0.00471429	43.4118	24.4516	2	90	
23.15	23.2	1	1	1	4	11	682	12	640	0.00392857	0.00183503	0	0.00471429	53.3333	31.5806	2	90	
23.2	23.25	1	1	1	1	1	33	2	66	0.00471429	0	0.00471429	0.00471429	33	0	33	33	
23.2	23.25	1	1	1	4	12	728	15	734	0.00377143	0.0019519	0	0.00471429	48.9333	30.9642	2	90	
23.25	23.3	1	1	1	4	7	410	9	414	0.00366667	0.0020788	0	0.00471429	46	31.1127	2	90	
23.3	23.35	1	1	1	4	8	412	11	462	0.00385714	0.00190702	0	0.00471429	42	23.7318	2	90	
23.35	23.4	1	1	1	4	9	458	10	416	0.00377143	0.00198772	0	0.00471429	41.6	24.9764	2	90	
23.4	23.45	1	1	1	4	9	458	11	462	0.00385714	0.00190702	0	0.00471429	42	23.7318	2	90	
23.45	23.5	1	1	1	1	1	10	2	20	0.00471429	0	0.00471429	0.00471429	10	0	10	10	
23.45	23.5	1	1	1	4	8	456	10	372	0.0033	0.00227722	0	0.00471429	37.2	27.828	2	90	
23.5	23.55	1	1	1	4	10	460	14	600	0.00404082	0.00171193	0	0.00471429	42.8571	20.8838	2	90	
23.55	23.6	1	1	1	4	5	318	7	322	0.00336735	0.00230034	0	0.00471429	46	35.9258	2	90	
23.6	23.65	1	1	1	4	11	769	12	727	0.00392857	0.00183503	0	0.00471429	60.5833	38.8855	2	133	
23.65	23.7	1	1	1	4	7	454	10	460	0.0033	0.00227722	0	0.00471429	46	35.9258	2	90	
23.7	23.75	1	1	1	1	1	33	2	66	0.00471429	0	0.00471429	0.00471429	33	0	33	33	
23.7	23.75	1	1	1	4	11	550	13	554	0.00398901	0.00177037	0	0.00471429	42.6154	21.7161	2	90	
23.75	23.8	1	1	1	4	9	458	11	418	0.00385714	0.00190702	0	0.00471429	38	17.7989	2	46	
23.8	23.85	1	1	1	4	7	497	10	547	0.0033	0.00227722	0	0.00471429	54.7	53.8352	2	177	
23.85	23.9	1	1	1	4	9	546	10	504	0.00377143	0.00198772	0	0.00471429	50.4	32.4661	2	90	
23.9	23.95	1	1	1	4	9	546	13	598	0.00362637	0.00206735	0	0.00471429	46	31.1127	2	90	
23.95	24	1	1	1	1	1	10	2	20	0.00471429	0	0.00471429	0.00471429	10	0	10	10	
23.95	24	1	1	1	4	8	456	11	506	0.00385714	0.00190702	0	0.00471429	46	27.828	2	90	
24	24.05	1	1	1	4	10	635	12	639	0.00392857	0.00183503	0	0.00471429	53.25	36.5342	2	133	
24.05	24.1	1	1	1	4	9	633	12	639	0.00353571	0.00213212	0	0.00471429	53.25	41.0701	2	133	
24.1	24.15	1	1	1	4	8	543	9	501	0.00366667	0.0020788	0	0.00471429	55.6667	42.5323	2	133	
24.15	24.2	1	1	1	4	12	596	14	556	0.00404082	0.00171193	0	0.00471429	39.7143	15.978	2	46	
24.2	24.25	1	1	1	1	1	33	2	66	0.00471429	0	0.00471429	0.00471429	33	0	33	33	
24.2	24.25	1	1	1	4	8	587	12	683	0.00353571	0.00213212	0	0.00471429	56.9167	42.3094	2	133	
24.25	24.3	1	1	1	4	10	723	11	681	0.00385714	0.00190702	0	0.00471429	61.9091	40.498	2	133	
24.3	24.35	1	1	1	4	9	546	11	550	0.00385714	0.00190702	0	0.00471429	50	30.8286	2	90	
24.35	24.4	1	1	1	4	9	590	13	642	0.00362637	0.00206735	0	0.00471429	49.3846	33.4204	2	90	
24.4	24.45	1	1	1	1	1	10	2	20	0.00471429	0	0.00471429	0.00471429	10	0	10	10	
24.4	24.45	1	1	1	4	9	546	10	504	0.00377143	0.00198772	0	0.00471429	50.4	32.4661	2	90	
24.45	24.5	1	1	1	4	6	407	8	411	0.00353571	0.00218229	0	0.00471429	51.375	43.3357	2	133	
24.5	24.55	1	1	1	4	11	594	13	510	0.00362637	0.00206735	0	0.00471429	39.2308	24.4068	2	90	
24.55	24.6	1	1	1	4	11	550	14	644	0.00404082	0.00171193	0	0.00471429	46	24.4068	2	90	
24.6	24.65	1	1	1	4	9	589	11	593	0.00385714	0.00190702	0	0.00471429	53.9091	38.2425	2	133	
24.65	24.7	1	1	1	1	1	33	2	66	0.00471429	0	0.00471429	0.00471429	33	0	33	33	
24.65	24.7	1	1	1	4	12	640	14	644	0.00404082	0.00171193	0	0.00471429	46	24.4068	2	90	
24.7	24.75	1	1	1	4	9	546	11	550	0.00385714	0.00190702	0	0.00471429	50	30.8286	2	90	
24.75	24.8	1	1	1	4	9	458	13	510	0.00362637	0.00206735	0	0.00471429	39.2308	24.4068	2	90	
24.8	24.85	1	1	1	4	10	548	11	506	0.00385714	0.00190702	0	0.00471429	46	27.828	2	90	
24.85	24.9	1	1	1	4	12	640	14	644	0.00404082	0.00171193	0	0.00471429	46	24.4068	2	90	
24.9	24.95	1	1	1	1	1	10	2	20	0.00471429	0	0.00471429	0.00471429	10	0	10	10	
24.9	24.95	1	1	1	4	10	548	13	554	0.00362637	0.00206735	0	0.00471429	42.6154	28.1826	2	90	
24.95	25	1	1	1	4	11	594	13	598	0.00398901	0.00177037	0	0.00471429	46	25.4034	2	90	
25	25.05	1	1	1	4	8	543	10	547	0.00377143	0.00198772	0	0.00471429	54.7	40.2162	2	133	
25.05	25.1	1	1	1	4	11	681	13	641	0.00398901	0.00177037	0	0.00471429	49.3077	33.2099	2	133	
25.1	25.15	1	1	1	4	10	504	14	600	0.00370408	0.00200741	0	0.00471429	42.8571	27.092	2	90	
25.15	25.2	1	1	1	4	2	136	2	136	0.00471429	0	0.00471429	0.00471429	68	31.1127	46	90	
25.25	25.3	1	1	1	1	1	33	2	66	0.00471429	0	0.00471429	0.00471429	33	0	33	33	
25.25	25.3	1	1	1	4	5	1450	5	1406	0.00377143	0.00210829	0	0.00471429	281.2	534.402	2	1236	
25.3	25.35	1	1	1	4	1	46	3	94	0.00314286	0.00272179	0	0.00471429	31.3333	25.4034	2	46	
25.35	25.4	1	1	1	4	9	502	10	460	0.00377143	0.00198772	0	0.00471429	46	29.3333	2	90	
25.4	25.45	1	1	1	1	1	10	2	20	0.00471429	0	0.00471429	0.00471429	10	0	10	10	
25.4	25.45	1	1	1	4	9	514	11	506	0.00385714	0.00190702	0	0.00471429	46	27.828	2	90	
25.45	25.5	1	1	1	4	19	1437	21	1329	0.00404082	0.00169039	0	0.00471429	63.2857	39.0834	2	169	
25.5	25.55	1	1	1	4	16	1151	20	1327	0.00424286	0.00145103	0	0.00471429	66.35	37.4212	2	169	
25.55	25.6	1	1	1	4	14	1136	15	1038	0.00408571	0.0016588	0	0.00471429	69.2	37.8629	2	114	
25.6	25.65	1	1	1	1	1	33	0	0	0	0	0	0	0	0	0	0	
25.6	25.65	1	1	1	4	9	545	11	518	0.00385714	0.00190702	0	0.00471429	47.0909	29.8846	2	102	
25.65	25.7	1	1	1	4	11	726	14	819	0.00370408	0.00200741	0	0.00471429	58.5	40.0668	2	133	
25.7	25.75	1	1	1	4	8	368	11	418	0.00385714	0.00190702	0	0.00471429	38	17.7989	2	46	
25.75	25.8	1	1	1	4	9	590	11	550	0.00342857	0.00220204	0	0.00471429	50	36.5732	2	90	
25.8	25.85	1	1	1	4	8	544	10	548	0.00377143	0.00198772	0	0.00471429	54.8	34.7077	2	90	
25.85	25.9	1	1	1	1	1	10	2	20	0.00471429	0	0.00471429	0.00471429	10	0	10	10	
25.85	25.9	1	1	1	4	7	453	10	503	0.00377143	0.00198772	0	0.00471429	50.3	38.2856	2	133	
25.9	25.95	1	1	1	4	7	454	9	458	0.00366667	0.0020788	0	0.00471429	50.8889	34.3964	2	90	
25.95	26	1	1	1	4	9	545	11	418	0.00342857	0.00220204	0	0.00471429	38	26.533	2	90	
26	26.05	1	1	1	4	9	458	10	459	0.00377143	0.00198772	0	0.00471429	45.9	35.654	2	133	
26.05	26.1	1	1	1	4	7	498	10	592	0.0033	0.00227722	0	0.00471429	59.2	36.224	2	90	
26.1	26.15	1	1	1	1	1	33	2	66	0.00471429	0	0.00471429	0.00471429	33	0	33	33	
26.1	26.15	1	1	1	4	9	545	12	595	0.00392857	0.00183503	0	0.00471429	49.5833	34.6711	2	133	
26.15	26.2	1	1	1	4	7	366	8	280	0.00353571	0.00218229	0	0.00471429	35	20.368	2	46	
26.2	26.25	1	1	1	4	6	276	9	370	0.00366667	0.0020788	0	0.00471429	41.1111	26.4407	2	90	
26.25	26.3	1	1	1	4	10	592	12	508	0.00370238	0.00230387	0	0.00671429	42.3333	29.4165	2	90	
26.3	26.35	1	1	1	4	10	591	13	685	0.00362637	0.00206735	0	0.00471429	52.6923	35.0366	2	133	
26.35	26.4	1	1	1	1	1	10	2	20	0.00471429	0	0.00471429	0.00471429	10	0	10	10	
26.35	26.4	1	1	1	4	4	228	6	276	0.00392857	0.0019246	0	0.00471429	46	27.828	2	90	
26.4	26.45	1	1	1	4	7	366	10	372	0.0033	0.00227722	0	0.00471429	37.2	27.828	2	90	
26.45	26.5	1	1	1	4	11	550	11	462	0.00385714	0.00190702	0	0.00471429	42	23.7318	2	90	
26.5	26.55	1	1	1	4	9	546	12	552	0.00392857	0.00183503	0	0.00471429	46	26.533	2	90	
26.55	26.6	1	1	1	4	7	410	9	414	0.00366667	0.0020788	0	0.00471429	46	31.1127	2	90	
26.6	26.65	1	1	1	1	1	33	2	66	0.00471429	0	0.00471429	0.00471429	33	0	33	33	
26.6	26.65	1	1	1	4	9	502	12	552	0.00353571	0.00213212	0	0.00471429	46	32.4962	2	90	
26.65	26.7	1	1	1	4	9	546	11	550	0.00385714	0.00190702	0	0.00471429	50	30.8286	2	90	
26.7	26.75	1	1	1	4	8	368	11	418	0.00385714	0.00190702	0	0.00471429	38	17.7989	2	46	
26.75	26.8	1	1	1	4	9	502	11	462	0.00342857	0.00220204	0	0.00471429	42	30.8286	2	90	
26.8	26.85	1	1	1	1	1	10	2	20	0.00471429	0	0.00471429	0.00471429	10	0	10	10	
26.8	26.85	1	1	1	4	8	455	10	459	0.00377143	0.00198772	0	0.00471429	45.9	35.654	2	133	
26.85	26.9	1	1	1	4	5	274	8	324	0.00353571	0.00218229	0	0.00471429	40.5	28.1983	2	90	
26.9	26.95	1	1	1	4	11	638	12	552	0.00353571	0.00213212	0	0.00471429	46	32.4962	2	90	
26.95	27	1	1	1	4	8	412	12	508	0.00392857	0.00183503	0	0.00471429	42.3333	22.6569	2	90	
27	27.05	1	1	1	4	10	591	11	549	0.00385714	0.00190702	0	0.00471429	49.9091	36.3441	2	133	
27.05	27.1	1	1	1	1	1	33	2	66	0.00471429	0	0.00471429	0.00471429	33	0	33	33	
27.05	27.1	1	1	1	4	11	550	14	556	0.00370408	0.00200741	0	0.00471429	39.7143	23.519	2	90	
27.1	27.15	1	1	1	4	7	454	10	504	0.00377143	0.00198772	0	0.00471429	50.4	32.4661	2	90	
27.15	27.2	1	1	1	4	9	545	10	503	0.00377143	0.00198772	0	0.00471429	50.3	38.2856	2	133	
27.2	27.25	1	1	1	4	9	414	12	420	0.00353571	0.00213212	0	0.00471429	35	19.8997	2	46	
27.25	27.3	1	1	1	4	9	589	11	506	0.00385714	0.00190702	0	0.00471429	46	27.828	2	90	
27.3	27.35	1	1	1	1	1	10	2	20	0.00471429	0	0.00471429	0.00471429	10	0	10	10	
27.3	27.35	1	1	1	4	8	455	11	592	0.00385714	0.00190702	0	0.00471429	53.8182	42.8225	2	133	
27.35	27.4	1	1	1	4	10	591	11	505	0.00342857	0.00220204	0	0.00471429	45.9091	39.1317	2	133	
27.4	27.45	1	1	1	4	8	412	12	508	0.00392857	0.00183503	0	0.00471429	42.3333	22.6569	2	90	
27.45	27.5	1	1	1	4	7	366	9	370	0.00366667	0.0020788	0	0.00471429	41.1111	26.4407	2	90	
27.5	27.55	1	1	1	4	10	548	10	416	0.00377143	0.00198772	0	0.00471429	41.6	24.9764	2	90	
27.55	27.6	1	1	1	1	1	33	2	66	0.00471429	0	0.00471429	0.00471429	33	0	33	33	
27.55	27.6	1	1	1	4	10	504	14	600	0.00370408	0.00200741	0	0.00471429	42.8571	27.092	2	90	
27.6	27.65	1	1	1	4	9	458	11	462	0.00385714	0.00190702	0	0.00471429	42	23.7318	2	90	
27.65	27.7	1	1	1	4	8	499	11	549	0.00385714	0.00190702	0	0.00471429	49.9091	36.3441	2	133	
27.7	27.75	1	1	1	4	10	591	13	597	0.00362637	0.00206735	0	0.00471429	45.9231	35.7222	2	133	
27.75	27.8	1	1	1	4	7	453	8	411	0.00353571	0.00218229	0	0.00471429	51.375	43.3357	2	133	
27.8	27.85	1	1	1	1	1	10	2	20	0.00471429	0	0.00471429	0.00471429	10	0	10	10	
27.8	27.85	1	1	1	4	9	502	11	506	0.00385714	0.00190702	0	0.00471429	46	27.828	2	90	
27.85	27.9	1	1	1	4	9	458	13	510	0.00362637	0.00206735	0	0.00471429	39.2308	24.4068	2	90	
27.9	27.95	1	1	1	4	7	540	9	544	0.00366667	0.0020788	0	0.00471429	60.4444	48.8214	2	133	
27.95	28	1	1	1	4	9	414	11	418	0.00385714	0.00190702	0	0.00471429	38	17.7989	2	46	
28	28.05	1	1	1	1	1	33	2	66	0.00471429	0	0.00471429	0.00471429	33	0	33	33	
28	28.05	1	1	1	4	10	548	11	506	0.00385714	0.00190702	0	0.00471429	46	27.828	2	90	
28.05	28.1	1	1	1	4	8	455	12	507	0.00353571	0.00213212	0	0.00471429	42.25	34.6518	2	133	
28.1	28.15	1	1	1	4	13	642	15	646	0.00408571	0.0016588	0	0.00471429	43.0667	20.1405	2	90	
28.15	28.2	1	1	1	4	9	458	9	370	0.00366667	0.0020788	0	0.00471429	41.1111	26.4407	2	90	
28.2	28.25	1	1	1	4	6	407	10	503	0.0033	0.00227722	0	0.00471429	50.3	38.2856	2	133	
28.25	28.3	1	1	1	1	1	10	2	20	0.00471429	0	0.00471429	0.00471429	10	0	10	10	
28.25	28.3	1	1	1	4	6	320	9	326	0.00314286	0.00235714	0	0.00471429	36.2222	29.3333	2	90	
28.3	28.35	1	1	1	4	8	544	9	502	0.00366667	0.0020788	0	0.00471429	55.7778	36.6667	2	90	
28.35	28.4	1	1	1	4	7	366	9	370	0.00366667	0.0020788	0	0.00471429	41.1111	26.4407	2	90	
28.4	28.45	1	1	1	4	6	363	9	369	0.00314286	0.00235714	0	0.00471429	41	40.5463	2	133	
28.45	28.5	1	1	1	4	8	456	10	460	0.00377143	0.00198772	0	0.00471429	46	29.3333	2	90	
28.5	28.55	2	1	1	1	2	40	3	73	0.00471429	0	0.00471429	0.00471429	24.3333	15.0111	7	33	
28.5	28.55	2	1	1	4	8	392	7	278	0.00404082	0.00178183	0	0.00471429	39.7143	16.6304	2	46	
28.55	28.6	2	1	1	1	1	7	4	18	0.00235714	0.00272179	0	0.00471429	4.5	2.88675	2	7	
28.55	28.6	2	1	1	4	16	1462	18	1434	0.00419048	0.00152451	0	0.00471429	79.6667	53.9281	2	217	
28.6	28.65	2	1	1	1	1	33	2	66	0.00471429	0	0.00471429	0.00471429	33	0	33	33	
28.6	28.65	2	1	1	4	17	1887	20	1877	0.00377143	0.0019347	0	0.00471429	93.85	66.2096	2	217	
28.65	28.7	2	1	1	4	16	1871	20	2039	0.00424286	0.00145103	0	0.00471429	101.95	57.1797	2	241	
28.7	28.75	2	1	1	4	11	1325	12	1207	0.00392857	0.00183503	0	0.00471429	100.583	84.5872	2	321	
28.75	28.8	2	1	1	4	13	877	15	957	0.00408571	0.0016588	0	0.00471429	63.8	45.5509	2	177	
28.8	28.85	2	1	1	1	1	10	2	20	0.00471429	0	0.00471429	0.00471429	10	0	10	10	
28.8	28.85	2	1	1	4	9	458	12	464	0.00353571	0.00213212	0	0.00471429	38.6667	25.4034	2	90	
28.85	28.9	2	1	1	4	9	458	12	508	0.00392857	0.00183503	0	0.00471429	42.3333	22.6569	2	90	
28.9	28.95	2	1	1	4	10	548	12	552	0.00392857	0.00183503	0	0.00471429	46	26.533	2	90	
28.95	29	2	1	1	4	11	594	13	598	0.00398901	0.00177037	0	0.00471429	46	25.4034	2	90	
29	29.05	2	1	1	4	10	548	12	508	0.00353571	0.00213212	0	0.00471429	42.3333	29.4165	2	90	
29.05	29.1	2	1	1	1	1	33	2	66	0.00471429	0	0.00471429	0.00471429	33	0	33	33	
29.05	29.1	2	1	1	4	7	410	9	414	0.00366667	0.0020788	0	0.00471429	46	31.1127	2	90	
29.1	29.15	2	1	1	4	11	638	12	596	0.00392857	0.00183503	0	0.00471429	49.6667	29.4165	2	90	
29.15	29.2	2	1	1	4	8	455	11	505	0.00342857	0.00220204	0	0.00471429	45.9091	33.8244	2	133	
29.2	29.25	2	1	1	4	2	92	5	142	0.00282857	0.00258212	0	0.00471429	28.4	24.0998	2	46	
29.25	29.3	2	1	1	4	11	637	13	597	0.00362637	0.00206735	0	0.00471429	45.9231	35.7222	2	133	
29.3	29.35	2	1	1	1	1	10	2	20	0.00471429	0	0.00471429	0.00471429	10	0	10	10	
29.3	29.35	2	1	1	4	8	499	10	503	0.00377143	0.00198772	0	0.00471429	50.3	38.2856	2	133	
29.35	29.4	2	1	1	4	7	454	9	458	0.00366667	0.0020788	0	0.00471429	50.8889	34.3964	2	90	
29.4	29.45	2	1	1	4	11	594	13	554	0.00398901	0.00177037	0	0.00471429	42.6154	21.7161	2	90	
29.45	29.5	2	1	1	4	8	500	11	550	0.00342857	0.00220204	0	0.00471429	50	36.5732	2	90	
29.5	29.55	2	1	1	4	10	722	12	639	0.00392857	0.00183503	0	0.00471429	53.25	36.5342	2	133	
29.55	29.6	2	1	1	1	1	33	2	66	0.00471429	0	0.00471429	0.00471429	33	0	33	33	
29.55	29.6	2	1	1	4	10	591	13	728	0.00398901	0.00177037	0	0.00471429	56	40.4619	2	133	
29.6	29.65	2	1	1	4	6	495	7	409	0.00336735	0.00230034	0	0.00471429	58.4286	48.7027	2	133	
29.65	29.7	2	1	1	4	10	592	13	642	0.00362637	0.00206735	0	0.00471429	49.3846	33.4204	2	90	
29.7	29.75	2	1	1	4	12	596	14	600	0.00404082	0.00171193	0	0.00471429	42.8571	20.8838	2	90	
29.75	29.8	2	1	1	4	10	723	12	683	0.00392857	0.00183503	0	0.00471429	56.9167	46.1961	2	177	
29.8	29.85	2	1	1	1	1	10	2	20	0.00471429	0	0.00471429	0.00471429	10	0	10	10	
29.8	29.85	2	1	1	4	10	591	12	639	0.00353571	0.00213212	0	0.00471429	53.25	36.5342	2	133	
29.85	29.9	2	1	1	4	9	546	13	598	0.00362637	0.00206735	0	0.00471429	46	31.1127	2	90	
29.9	29.95	2	1	1	4	7	410	8	368	0.00353571	0.00218229	0	0.00471429	46	33.2609	2	90	
29.95	30	2	1	1	4	10	636	12	596	0.00392857	0.00183503	0	0.00471429	49.6667	29.4165	2	90	
30	30.05	2	1	1	1	1	33	2	66	0.00471429	0	0.00471429	0.00471429	33	0	33	33	
30	30.05	2	1	1	4	11	550	13	598	0.00398901	0.00177037	0	0.00471429	46	25.4034	2	90	
30.05	30.1	2	1	1	4	10	635	13	641	0.00362637	0.00206735	0	0.00471429	49.3077	37.7566	2	133	
30.1	30.15	2	1	1	4	9	546	11	550	0.00385714	0.00190702	0	0.00471429	50	30.8286	2	90	
30.15	30.2	2	1	1	4	13	730	15	734	0.00408571	0.0016588	0	0.00471429	48.9333	26.1191	2	90	
30.2	30.25	2	1	1	4	12	814	14	774	0.00370408	0.00200741	0	0.00471429	55.2857	42.6171	2	133	
30.25	30.3	2	1	1	1	1	10	2	20	0.00471429	0	0.00471429	0.00471429	10	0	10	10	
30.25	30.3	2	1	1	4	10	592	13	642	0.0037033	0.00212889	0	0.00571429	49.3846	28.1826	2	90	
30.3	30.35	2	1	1	4	8	674	11	724	0.00342857	0.00220204	0	0.00471429	65.8182	71.3776	2	264	
30.35	30.4	2	1	1	4	7	409	9	457	0.00366667	0.0020788	0	0.00471429	50.7778	40.5764	2	133	
30.4	30.45	2	1	1	4	6	364	10	416	0.0033	0.00227722	0	0.00471429	41.6	32.4661	2	90	
30.45	30.5	2	1	1	4	7	453	9	457	0.00366667	0.0020788	0	0.00471429	50.7778	40.5764	2	133	
30.5	30.55	2	1	1	1	1	33	2	66	0.00471429	0	0.00471429	0.00471429	33	0	33	33	
30.5	30.55	2	1	1	4	12	683	13	641	0.00398901	0.00177037	0	0.00471429	49.3077	33.2099	2	133	
30.55	30.6	2	1	1	4	7	410	9	414	0.00366667	0.0020788	0	0.00471429	46	31.1127	2	90	
30.6	30.65	2	1	1	4	9	546	12	552	0.00353571	0.00213212	0	0.00471429	46	32.4962	2	90	
30.65	30.7	2	1	1	4	11	681	12	639	0.00392857	0.00183503	0	0.00471429	53.25	36.5342	2	133	
30.7	30.75	2	1	1	4	7	497	11	549	0.00342857	0.00220204	0	0.00471429	49.9091	41.3291	2	133	
30.75	30.8	2	1	1	1	1	10	2	20	0.00471429	0	0.00471429	0.00471429	10	0	10	10	
30.75	30.8	2	1	1	4	9	590	11	550	0.00385714	0.00190702	0	0.00471429	50	30.8286	2	90	
30.8	30.85	2	1	1	4	13	773	15	777	0.00408571	0.0016588	0	0.00471429	51.8	32.523	2	133	
30.85	30.9	2	1	1	4	10	548	13	598	0.00362637	0.00206735	0	0.00471429	46	31.1127	2	90	
30.9	30.95	2	1	1	4	6	451	9	501	0.00366667	0.0020788	0	0.00471429	55.6667	42.5323	2	133	
30.95	31	2	1	1	4	10	504	11	462	0.00385714	0.00190702	0	0.00471429	42	23.7318	2	90	
31	31.05	2	1	1	1	1	33	2	66	0.00471429	0	0.00471429	0.00471429	33	0	33	33	
31	31.05	2	1	1	4	13	686	13	598	0.00398901	0.00177037	0	0.00471429	46	25.4034	2	90	
31.05	31.1	2	1	1	4	11	681	15	733	0.00365714	0.00240735	0	0.00771429	48.8667	30.7684	2	133	
31.1	31.15	2	1	1	4	6	364	10	504	0.0033	0.00227722	0	0.00471429	50.4	32.4661	2	90	
31.15	31.2	2	1	1	4	7	454	9	414	0.00314286	0.00235714	0	0.00471429	46	38.1051	2	90	
31.2	31.25	2	1	1	1	1	10	2	20	0.00471429	0	0.00471429	0.00471429	10	0	10	10	
31.2	31.25	2	1	1	4	8	456	9	370	0.00366667	0.0020788	0	0.00471429	41.1111	26.4407	2	90	
31.25	31.3	2	1	1	4	10	636	13	686	0.00362637	0.00206735	0	0.00471429	52.7692	30.3044	2	90	
31.3	31.35	2	1	1	4	12	684	14	732	0.00404082	0.00171193	0	0.00471429	52.2857	29.1717	2	90	
31.35	31.4	2	1	1	4	4	272	6	276	0.00314286	0.00243445	0	0.00471429	46	39.3548	2	90	
31.4	31.45	2	1	1	4	10	680	12	684	0.00392857	0.00183503	0	0.00471429	57	33.1662	2	90	
31.45	31.5	2	1	1	1	1	33	2	66	0.00471429	0	0.00471429	0.00471429	33	0	33	33	
31.45	31.5	2	1	1	4	12	640	14	600	0.00370408	0.00200741	0	0.00471429	42.8571	27.092	2	90	
31.5	31.55	2	1	1	4	9	502	13	598	0.00398901	0.00177037	0	0.00471429	46	25.4034	2	90	
31.55	31.6	2	1	1	4	10	591	11	505	0.00385714	0.00190702	0	0.00471429	45.9091	33.8244	2	133	
31.6	31.65	2	1	1	4	9	458	11	506	0.00385714	0.00190702	0	0.00471429	46	27.828	2	90	
31.65	31.7	2	1	1	4	12	596	14	556	0.00370408	0.00200741	0	0.00471429	39.7143	23.519	2	90	
31.7	31.75	2	1	1	1	1	10	2	20	0.00471429	0	0.00471429	0.00471429	10	0	10	10	
31.7	31.75	2	1	1	4	10	548	13	554	0.00398901	0.00177037	0	0.00471429	42.6154	21.7161	2	90	
31.75	31.8	2	1	1	4	12	552	13	554	0.00398901	0.00177037	0	0.00471429	42.6154	21.7161	2	90	
31.8	31.85	2	1	1	4	9	546	13	598	0.00362637	0.00206735	0	0.00471429	46	31.1127	2	90	
31.85	31.9	2	1	1	4	8	456	11	506	0.00385714	0.00190702	0	0.00471429	46	27.828	2	90	
31.9	31.95	2	1	1	4	11	681	12	639	0.00392857	0.00183503	0	0.00471429	53.25	36.5342	2	133	
31.95	32	2	1	1	1	1	33	2	66	0.00471429	0	0.00471429	0.00471429	33	0	33	33	
31.95	32	2	1	1	4	13	686	17	738	0.00388235	0.00185249	0	0.00471429	43.4118	24.4516	2	90	
32	32.05	2	1	1	4	10	635	11	593	0.00385714	0.00190702	0	0.00471429	53.9091	38.2425	2	133	
32.05	32.1	2	1	1	4	10	636	12	596	0.00392857	0.00183503	0	0.00471429	49.6667	29.4165	2	90	
32.1	32.15	2	1	1	4	10	592	13	686	0.00398901	0.00177037	0	0.00471429	52.7692	30.3044	2	90	
32.15	32.2	2	1	1	4	12	596	13	510	0.00362637	0.00206735	0	0.00471429	39.2308	24.4068	2	90	
32.2	32.25	2	1	1	1	1	10	2	20	0.00471429	0	0.00471429	0.00471429	10	0	10	10	
32.2	32.25	2	1	1	4	10	547	13	597	0.00398901	0.00177037	0	0.00471429	45.9231	30.8773	2	133	
32.25	32.3	2	1	1	4	12	640	14	600	0.00404082	0.00171193	0	0.00471429	42.8571	20.8838	2	90	
32.3	32.35	2	1	1	4	12	815	14	819	0.00370408	0.00200741	0	0.00471429	58.5	40.0668	2	133	
32.35	32.4	2	1	1	4	10	547	13	597	0.00398901	0.00177037	0	0.00471429	45.9231	30.8773	2	133	
32.4	32.45	2	1	1	1	1	33	2	66	0.00471429	0	0.00471429	0.00471429	33	0	33	33	
32.4	32.45	2	1	1	4	10	592	12	596	0.00392857	0.00183503	0	0.00471429	49.6667	29.4165	2	90	
32.45	32.5	2	1	1	4	12	684	14	644	0.00370408	0.00200741	0	0.00471429	46	29.8921	2	90	
32.5	32.55	2	1	1	4	8	456	11	506	0.00342857	0.00220204	0	0.00471429	46	27.828	2	90	
32.55	32.6	2	1	1	4	12	684	14	688	0.00404082	0.00171193	0	0.00471429	49.1429	27.092	2	90	
32.6	32.65	2	1	1	4	11	769	15	821	0.00377143	0.0019519	0	0.00471429	54.7333	37.7746	2	133	
32.65	32.7	2	1	1	1	1	10	2	20	0.00471429	0	0.00471429	0.00471429	10	0	10	10	
32.65	32.7	2	1	1	4	13	686	14	644	0.00404082	0.00171193	0	0.00471429	46	24.4068	2	90	
32.7	32.75	2	1	1	4	13	730	15	734	0.00408571	0.0016588	0	0.00471429	48.9333	26.1191	2	90	
32.75	32.8	2	1	1	4	9	633	12	552	0.00353571	0.00213212	0	0.00471429	46	32.4962	2	90	
32.8	32.85	2	1	1	4	10	591	12	682	0.00392857	0.00183503	0	0.00471429	56.8333	42.1444	2	133	
32.85	32.9	2	1	1	4	9	546	10	460	0.00377143	0.00198772	0	0.00471429	46	29.3333	2	90	
32.9	32.95	2	1	1	1	1	33	2	66	0.00471429	0	0.00471429	0.00471429	33	0	33	33	
32.9	32.95	2	1	1	4	8	543	12	639	0.00353571	0.00213212	0	0.00471429	53.25	41.0701	2	133	
32.95	33	2	1	1	4	9	458	11	462	0.00385714	0.00190702	0	0.00471429	42	23.7318	2	90	
33	33.05	2	1	1	4	11	506	13	510	0.00398901	0.00177037	0	0.00471429	39.2308	16.5235	2	46	
33.05	33.1	2	1	1	4	15	777	16	735	0.004125	0.00161023	0	0.00471429	45.9375	27.6176	2	133	
33.1	33.15	2	1	1	4	11	725	14	731	0.00370408	0.00200741	0	0.00471429	52.2143	44.9789	2	177	
33.15	33.2	2	1	1	1	1	10	2	20	0.00471429	0	0.00471429	0.00471429	10	0	10	10	
33.15	33.2	2	1	1	4	13	774	16	780	0.004125	0.00161023	0	0.00471429	48.75	25.2441	2	90	
33.2	33.25	2	1	1	4	14	644	16	692	0.004125	0.00161023	0	0.00471429	43.25	19.4713	2	90	
33.25	33.3	2	1	1	4	10	679	13	685	0.00362637	0.00206735	0	0.00471429	52.6923	39.373	2	133	
33.3	33.35	2	1	1	4	6	581	9	631	0.00366667	0.0020788	0	0.00471429	70.1111	69.3009	2	220	
33.35	33.4	2	1	1	4	13	642	14	600	0.00404082	0.00171193	0	0.00471429	42.8571	20.8838	2	90	
33.4	33.45	2	1	1	1	1	33	2	66	0.00471429	0	0.00471429	0.00471429	33	0	33	33	
33.4	33.45	2	1	1	4	11	550	14	600	0.00404082	0.00171193	0	0.00471429	42.8571	20.8838	2	90	
33.45	33.5	2	1	1	4	12	684	14	644	0.00370408	0.00200741	0	0.00471429	46	29.8921	2	90	
33.5	33.55	2	1	1	4	13	686	15	690	0.00408571	0.0016588	0	0.00471429	46	23.519	2	90	
33.55	33.6	2	1	1	4	10	635	12	595	0.00392857	0.00183503	0	0.00471429	49.5833	34.6711	2	133	
33.6	33.65	2	1	1	1	1	10	2	20	0.00471429	0	0.00471429	0.00471429	10	0	10	10	
33.6	33.65	2	1	1	4	11	637	13	641	0.00362637	0.00206735	0	0.00471429	49.3077	37.7566	2	133	
33.65	33.7	2	1	1	4	12	596	15	646	0.00408571	0.0016588	0	0.00471429	43.0667	20.1405	2	90	
33.7	33.75	2	1	1	4	9	502	12	552	0.00392857	0.00183503	0	0.00471429	46	26.533	2	90	
33.75	33.8	2	1	1	4	11	638	13	642	0.00398901	0.00177037	0	0.00471429	49.3846	28.1826	2	90	
33.8	33.85	2	1	1	4	14	906	15	820	0.00377143	0.0019519	0	0.00471429	54.6667	47.3191	2	177	
33.85	33.9	2	1	1	1	1	33	2	66	0.00471429	0	0.00471429	0.00471429	33	0	33	33	
33.85	33.9	2	1	1	4	11	726	14	732	0.00404082	0.00171193	0	0.00471429	52.2857	29.1717	2	90	
33.9	33.95	2	1	1	4	11	638	14	732	0.00404082	0.00171193	0	0.00471429	52.2857	29.1717	2	90	
33.95	34	2	1	1	4	12	684	13	598	0.00362637	0.00206735	0	0.00471429	46	31.1127	2	90	
34	34.05	2	1	1	4	13	729	16	779	0.004125	0.00161023	0	0.00471429	48.6875	29.7337	2	133	
34.05	34.1	2	1	1	4	14	732	16	736	0.004125	0.00161023	0	0.00471429	46	22.7215	2	90	
34.1	34.15	2	1	1	1	1	10	2	20	0.00471429	0	0.00471429	0.00471429	10	0	10	10	
34.1	34.15	2	1	1	4	14	776	17	782	0.00388235	0.00185249	0	0.00471429	46	26.9444	2	90	
34.15	34.2	2	1	1	4	9	502	12	552	0.00392857	0.00183503	0	0.00471429	46	26.533	2	90	
34.2	34.25	2	1	1	4	13	774	14	732	0.00404082	0.00171193	0	0.00471429	52.2857	29.1717	2	90	
34.25	34.3	2	1	1	4	14	820	16	780	0.00383036	0.00190039	0	0.00471429	48.75	29.9232	2	90	
34.3	34.35	2	1	1	4	13	686	17	782	0.00415966	0.00156564	0	0.00471429	46	22	2	90	
34.35	34.4	2	1	1	1	1	33	2	66	0.00471429	0	0.00471429	0.00471429	33	0	33	33	
34.35	34.4	2	1	1	4	11	638	12	596	0.00392857	0.00183503	0	0.00471429	49.6667	29.4165	2	90	
34.4	34.45	2	1	1	4	11	594	12	552	0.00392857	0.00183503	0	0.00471429	46	26.533	2	90	
34.45	34.5	2	1	1	4	11	681	15	733	0.00377143	0.0019519	0	0.00471429	48.8667	34.9752	2	133	
34.5	34.55	2	1	1	4	11	637	13	641	0.00398901	0.00177037	0	0.00471429	49.3077	33.2099	2	133	
34.55	34.6	2	1	1	4	9	545	11	505	0.00385714	0.00190702	0	0.00471429	45.9091	33.8244	2	133	
34.6	34.65	2	1	1	1	1	10	2	20	0.00471429	0	0.00471429	0.00471429	10	0	10	10	
34.6	34.65	2	1	1	4	11	681	14	731	0.00370408	0.00200741	0	0.00471429	52.2143	37.8706	2	133	
34.65	34.7	2	1	1	4	15	778	16	736	0.004125	0.00161023	0	0.00471429	46	22.7215	2	90	
34.7	34.75	2	1	1	4	8	544	11	550	0.00385714	0.00190702	0	0.00471429	50	30.8286	2	90	
34.75	34.8	2	1	1	4	9	502	12	508	0.00353571	0.00213212	0	0.00471429	42.3333	29.4165	2	90	
34.8	34.85	2	1	1	1	1	33	2	66	0.00471429	0	0.00471429	0.00471429	33	0	33	33	
34.8	34.85	2	1	1	4	10	548	12	552	0.00392857	0.00183503	0	0.00471429	46	26.533	2	90	
34.85	34.9	2	1	1	4	12	771	15	734	0.00377143	0.0019519	0	0.00471429	48.9333	30.9642	2	90	
34.9	34.95	2	1	1	4	9	719	11	810	0.00385714	0.00190702	0	0.00471429	73.6364	65.4374	2	220	
34.95	35	2	1	1	4	10	548	12	552	0.00392857	0.00183503	0	0.00471429	46	26.533	2	90	
35	35.05	2	1	1	4	10	679	12	639	0.00353571	0.00213212	0	0.00471429	53.25	41.0701	2	133	
35.05	35.1	2	1	1	1	1	10	2	20	0.00471429	0	0.00471429	0.00471429	10	0	10	10	
35.05	35.1	2	1	1	4	13	729	15	733	0.00408571	0.0016588	0	0.00471429	48.8667	30.7684	2	133	
35.1	35.15	2	1	1	4	12	727	15	733	0.00377143	0.0019519	0	0.00471429	48.8667	42.0728	2	177	
35.15	35.2	2	1	1	4	10	548	13	598	0.00398901	0.00177037	0	0.00471429	46	25.4034	2	90	
35.2	35.25	2	1	1	4	12	727	14	731	0.00404082	0.00171193	0	0.00471429	52.2143	33.7096	2	133	
35.25	35.3	2	1	1	4	10	592	14	644	0.00370408	0.00200741	0	0.00471429	46	29.8921	2	90	
35.3	35.35	2	1	1	1	1	33	2	66	0.00471429	0	0.00471429	0.00471429	33	0	33	33	
35.3	35.35	2	1	1	4	13	774	14	732	0.00404082	0.00171193	0	0.00471429	52.2857	29.1717	2	90	
35.35	35.4	2	1	1	4	8	500	11	550	0.00385714	0.00190702	0	0.00471429	50	30.8286	2	90	
35.4	35.45	2	1	1	4	14	863	16	823	0.00383036	0.00190039	0	0.00471429	51.4375	35.3194	2	133	
35.45	35.5	2	1	1	4	9	546	12	596	0.00392857	0.00183503	0	0.00471429	49.6667	29.4165	2	90	
35.5	35.55	2	1	1	4	12	728	13	686	0.00398901	0.00177037	0	0.00471429	52.7692	30.3044	2	90	
35.55	35.6	2	1	1	1	1	10	2	20	0.00471429	0	0.00471429	0.00471429	10	0	10	10	
35.55	35.6	2	1	1	4	9	589	12	551	0.00353571	0.00213212	0	0.00471429	45.9167	45.6956	2	177	
35.6	35.65	2	1	1	4	12	596	15	690	0.00408571	0.0016588	0	0.00471429	46	23.519	2	90	
35.65	35.7	2	1	1	4	13	773	15	777	0.00408571	0.0016588	0	0.00471429	51.8	32.523	2	133	
35.7	35.75	2	1	1	4	12	814	14	774	0.00370408	0.00200741	0	0.00471429	55.2857	42.6171	2	133	
35.75	35.8	2	1	1	4	9	633	11	593	0.00385714	0.00190702	0	0.00471429	53.9091	38.2425	2	133	
35.8	35.85	2	1	1	1	1	33	2	66	0.00471429	0	0.00471429	0.00471429	33	0	33	33	
35.8	35.85	2	1	1	4	12	640	15	734	0.00408571	0.0016588	0	0.00471429	48.9333	26.1191	2	90	
35.85	35.9	2	1	1	4	14	820	16	736	0.00383036	0.00190039	0	0.00471429	46	27.828	2	90	
35.9	35.95	2	1	1	4	13	774	15	822	0.00408571	0.0016588	0	0.00471429	54.8	29.7494	2	90	
35.95	36	2	1	1	4	12	728	15	690	0.00377143	0.0019519	0	0.00471429	46	28.8048	2	90	
36	36.05	2	1	1	1	1	10	2	20	0.00471429	0	0.00471429	0.00471429	10	0	10	10	
36	36.05	2	1	1	4	13	642	15	690	0.00408571	0.0016588	0	0.00471429	46	23.519	2	90	
36.05	36.1	2	1	1	4	10	548	12	552	0.00392857	0.00183503	0	0.00471429	46	26.533	2	90	
36.1	36.15	2	1	1	4	11	801	14	787	0.00370408	0.00200741	0	0.00471429	56.2143	41.0369	2	145	
36.15	36.2	2	1	1	4	31	3371	30	3073	0.0044	0.00119605	0	0.00471429	102.433	61.4731	2	289	
36.2	36.25	2	1	1	4	27	2700	32	2942	0.00427232	0.00139611	0	0.00471429	91.9375	51.5695	2	217	
36.25	36.3	2	1	1	1	1	33	2	66	0.00471429	0	0.00471429	0.00471429	33	0	33	33	
36.25	36.3	2	1	1	4	18	1035	21	1081	0.00426531	0.00141802	0	0.00471429	51.4762	26.5436	2	133	
36.3	36.35	2	1	1	4	11	550	13	598	0.00398901	0.00177037	0	0.00471429	46	25.4034	2	90	
36.35	36.4	2	1	1	4	8	500	11	506	0.00342857	0.00220204	0	0.00471429	46	34.0823	2	90	
36.4	36.45	2	1	1	4	12	596	15	646	0.00408571	0.0016588	0	0.00471429	43.0667	20.1405	2	90	
36.45	36.5	2	1	1	4	13	773	13	641	0.00398901	0.00177037	0	0.00471429	49.3077	33.2099	2	133	
36.5	36.55	2	1	1	1	1	10	2	20	0.00471429	0	0.00471429	0.00471429	10	0	10	10	
36.5	36.55	2	1	1	4	12	726	16	822	0.00383036	0.00190039	0	0.00471429	51.375	38.6607	2	133	
36.55	36.6	2	1	1	4	9	633	12	683	0.00392857	0.00183503	0	0.00471429	56.9167	37.9221	2	133	
36.6	36.65	2	1	1	4	11	768	12	726	0.00392857	0.00183503	0	0.00471429	60.5	43.0211	2	133	
36.65	36.7	2	1	1	4	13	817	16	823	0.00383036	0.00190039	0	0.00471429	51.4375	35.3194	2	133	
36.7	36.75	2	1	1	4	11	767	14	817	0.00404082	0.00171193	0	0.00471429	58.3571	43.36	2	133	
36.75	36.8	2	1	1	1	1	33	2	66	0.00471429	0	0.00471429	0.00471429	33	0	33	33	
36.75	36.8	2	1	1	4	16	824	17	738	0.00415966	0.00156564	0	0.00471429	43.4118	18.8648	2	90	
36.8	36.85	2	1	1	4	12	728	14	732	0.00370408	0.00200741	0	0.00471429	52.2857	33.8945	2	90	
36.85	36.9	2	1	1	4	12	728	14	688	0.00404082	0.00171193	0	0.00471429	49.1429	27.092	2	90	
36.9	36.95	2	1	1	4	9	632	13	772	0.00398901	0.00177037	0	0.00471429	59.3846	41.3855	2	133	
36.95	37	2	1	1	4	14	820	16	736	0.00383036	0.00190039	0	0.00471429	46	27.828	2	90	
37	37.05	2	1	1	1	1	10	2	20	0.00471429	0	0.00471429	0.00471429	10	0	10	10	
37	37.05	2	1	1	4	16	868	17	826	0.00415966	0.00156564	0	0.00471429	48.5882	24.4516	2	90	
37.05	37.1	2	1	1	4	11	725	14	732	0.00404082	0.00171193	0	0.00471429	52.2857	29.1717	2	90	
37.1	37.15	2	1	1	4	15	822	18	915	0.00392857	0.00180785	0	0.00471429	50.8333	33.2234	2	133	
37.15	37.2	2	1	1	4	12	771	14	731	0.00404082	0.00171193	0	0.00471429	52.2143	33.7096	2	133	
37.2	37.25	2	1	1	1	1	33	2	66	0.00471429	0	0.00471429	0.00471429	33	0	33	33	
37.2	37.25	2	1	1	4	13	730	15	778	0.00408571	0.0016588	0	0.00471429	51.8667	28.1574	2	90	
37.25	37.3	2	1	1	4	12	815	14	775	0.00370408	0.00200741	0	0.00471429	55.3571	39.1203	2	133	
37.3	37.35	2	1	1	4	12	683	15	733	0.00408571	0.0016588	0	0.00471429	48.8667	30.7684	2	133	
37.35	37.4	2	1	1	4	8	543	11	549	0.00342857	0.00220204	0	0.00471429	49.9091	41.3291	2	133	
37.4	37.45	2	1	1	4	11	594	14	644	0.00411224	0.00176231	0	0.00571429	46	24.4068	2	90	
37.45	37.5	2	1	1	1	1	10	2	20	0.00471429	0	0.00471429	0.00471429	10	0	10	10	
37.45	37.5	2	1	1	4	12	903	14	820	0.00370408	0.00200741	0	0.00471429	58.5714	31.956	2	90	
37.5	37.55	2	1	1	4	7	454	10	503	0.0033	0.00227722	0	0.00471429	50.3	43.5432	2	133	
37.55	37.6	2	1	1	4	14	819	16	823	0.004125	0.00161023	0	0.00471429	51.4375	31.4536	2	133	
37.6	37.65	2	1	1	4	14	924	16	960	0.004125	0.00161023	0	0.00471429	60	30.533	2	102	
37.65	37.7	2	1	1	4	31	2523	33	2415	0.00428571	0.00137627	0	0.00471429	73.1818	57.8486	2	336	
37.7	37.75	2	1	1	1	1	33	2	66	0.00471429	0	0.00471429	0.00471429	33	0	33	33	
37.7	37.75	2	1	1	4	31	2348	32	2342	0.00441964	0.00115941	0	0.00471429	73.1875	36.9328	2	169	
37.75	37.8	2	1	1	4	10	680	15	778	0.00377143	0.0019519	0	0.00471429	51.8667	32.7018	2	90	
37.8	37.85	2	1	1	4	11	594	13	642	0.00398901	0.00177037	0	0.00471429	49.3846	28.1826	2	90	
37.85	37.9	2	1	1	4	12	640	13	598	0.00398901	0.00177037	0	0.00471429	46	25.4034	2	90	
37.9	37.95	2	1	1	4	15	822	19	874	0.00396992	0.00176613	0	0.00471429	46	25.4034	2	90	
37.95	38	2	1	1	1	1	10	2	20	0.00471429	0	0.00471429	0.00471429	10	0	10	10	
37.95	38	2	1	1	4	10	592	12	552	0.00392857	0.00183503	0	0.00471429	46	26.533	2	90	
38	38.05	2	1	1	4	13	774	16	824	0.00383036	0.00190039	0	0.00471429	51.5	31.627	2	90	
38.05	38.1	2	1	1	4	11	637	12	595	0.00392857	0.00183503	0	0.00471429	49.5833	34.6711	2	133	
38.1	38.15	2	1	1	4	14	820	16	824	0.004125	0.00161023	0	0.00471429	51.5	27.2421	2	90	
38.15	38.2	2	1	1	4	11	682	14	688	0.00404082	0.00171193	0	0.00471429	49.1429	27.092	2	90	
38.2	38.25	2	1	1	1	1	33	2	66	0.00471429	0	0.00471429	0.00471429	33	0	33	33	
38.2	38.25	2	1	1	4	10	592	13	598	0.00362637	0.00206735	0	0.00471429	46	31.1127	2	90	
38.25	38.3	2	1	1	4	14	951	16	955	0.004125	0.00161023	0	0.00471429	59.6875	41.4564	2	177	
38.3	38.35	2	1	1	4	12	727	14	775	0.00404082	0.00171193	0	0.00471429	55.3571	35.1078	2	133	
38.35	38.4	2	1	1	4	10	591	14	643	0.00370408	0.00200741	0	0.00471429	45.9286	34.3208	2	133	
38.4	38.45	2	1	1	1	1	10	2	20	0.00471429	0	0.00471429	0.00471429	10	0	10	10	
38.4	38.45	2	1	1	4	12	815	12	727	0.00392857	0.00183503	0	0.00471429	60.5833	38.8855	2	133	
38.45	38.5	2	1	1	4	14	776	18	784	0.00392857	0.00180785	0	0.00471429	43.5556	23.7294	2	90	
38.5	38.55	2	1	1	4	14	863	16	911	0.004125	0.00161023	0	0.00471429	56.9375	33.9322	2	133	
38.55	38.6	2	1	1	4	12	771	14	731	0.00404082	0.00171193	0	0.00471429	52.2143	33.7096	2	133	
38.6	38.65	2	1	1	4	12	770	15	820	0.00377143	0.0019519	0	0.00471429	54.6667	41.1368	2	133	
38.65	38.7	2	1	1	1	1	33	2	66	0.00471429	0	0.00471429	0.00471429	33	0	33	33	
38.65	38.7	2	1	1	4	10	679	11	637	0.00385714	0.00190702	0	0.00471429	57.9091	39.6092	2	133	
38.7	38.75	2	1	1	4	16	780	19	830	0.00421804	0.00148642	0	0.00471429	43.6842	17.8047	2	90	
38.75	38.8	2	1	1	4	16	868	19	874	0.00396992	0.00176613	0	0.00471429	46	25.4034	2	90	
38.8	38.85	2	1	1	4	13	861	15	865	0.00408571	0.0016588	0	0.00471429	57.6667	34.9932	2	133	
38.85	38.9	2	1	1	4	13	774	15	734	0.00408571	0.0016588	0	0.00471429	48.9333	26.1191	2	90	
38.9	38.95	2	1	1	1	1	10	2	20	0.00471429	0	0.00471429	0.00471429	10	0	10	10	
38.9	38.95	2	1	1	4	14	776	17	782	0.00388235	0.00185249	0	0.00471429	46	26.9444	2	90	
38.95	39	2	1	1	4	14	732	17	826	0.00415966	0.00156564	0	0.00471429	48.5882	24.4516	2	90	
39	39.05	2	1	1	4	14	776	15	734	0.00408571	0.0016588	0	0.00471429	48.9333	26.1191	2	90	
39.05	39.1	2	1	1	4	12	683	16	735	0.00383036	0.00190039	0	0.00471429	45.9375	31.9509	2	133	
39.1	39.15	2	1	1	4	14	907	15	821	0.00408571	0.0016588	0	0.00471429	54.7333	33.9168	2	133	
39.15	39.2	2	1	1	1	1	33	2	66	0.00471429	0	0.00471429	0.00471429	33	0	33	33	
39.15	39.2	2	1	1	4	13	730	16	736	0.00383036	0.00190039	0	0.00471429	46	27.828	2	90	
39.2	39.25	2	1	1	4	15	778	16	780	0.004125	0.00161023	0	0.00471429	48.75	25.2441	2	90	
39.25	39.3	2	1	1	4	16	824	19	874	0.00421804	0.00148642	0	0.00471429	46	20.7418	2	90	
39.3	39.35	2	1	1	4	13	818	15	778	0.00377143	0.0019519	0	0.00471429	51.8667	32.7018	2	90	
39.35	39.4	2	1	1	4	12	728	15	734	0.00408571	0.0016588	0	0.00471429	48.9333	26.1191	2	90	
39.4	39.45	2	1	1	1	1	10	2	20	0.00471429	0	0.00471429	0.00471429	10	0	10	10	
39.4	39.45	2	1	1	4	13	774	15	778	0.00408571	0.0016588	0	0.00471429	51.8667	28.1574	2	90	
39.45	39.5	2	1	1	4	11	726	14	732	0.00370408	0.00200741	0	0.00471429	52.2857	33.8945	2	90	
39.5	39.55	2	1	1	4	13	818	14	776	0.00404082	0.00171193	0	0.00471429	55.4286	30.7689	2	90	
39.55	39.6	2	1	1	4	15	822	18	872	0.00419048	0.00152451	0	0.00471429	48.4444	23.7294	2	90	
39.6	39.65	2	1	1	1	1	33	2	66	0.00471429	0	0.00471429	0.00471429	33	0	33	33	
39.6	39.65	2	1	1	4	13	686	16	736	0.00383036	0.00190039	0	0.00471429	46	27.828	2	90	
39.65	39.7	2	1	1	4	11	682	13	686	0.00398901	0.00177037	0	0.00471429	52.7692	30.3044	2	90	
39.7	39.75	2	1	1	4	13	817	15	777	0.00408571	0.0016588	0	0.00471429	51.8	32.523	2	133	
39.75	39.8	2	1	1	4	13	816	16	866	0.00383036	0.00190039	0	0.00471429	54.125	39.801	2	133	
39.8	39.85	2	1	1	4	13	861	15	821	0.00408571	0.0016588	0	0.00471429	54.7333	33.9168	2	133	
39.85	39.9	2	1	1	1	1	10	2	20	0.00471429	0	0.00471429	0.00471429	10	0	10	10	
39.85	39.9	2	1	1	4	14	819	17	869	0.00388235	0.00185249	0	0.00471429	51.1176	34.2233	2	133	
39.9	39.95	2	1	1	4	13	773	14	687	0.00404082	0.00171193	0	0.00471429	49.0714	31.9193	2	133	
39.95	40	2	1	1	4	14	732	18	872	0.00392857	0.00180785	0	0.00471429	48.4444	23.7294	2	90	
