% time	cellId	IMSI	RNTI	rsrp	sinr
0.000214285	1	1	0	4.22113e-13	889.892
0.00121429	1	1	0	4.22113e-13	889.892
0.00221428	1	1	0	4.22113e-13	889.892
0.00321428	1	1	0	4.22113e-13	889.892
0.00421428	1	1	0	4.22113e-13	889.892
0.00521428	1	1	0	4.22113e-13	889.892
0.00621428	1	1	0	4.22113e-13	889.892
0.00721428	1	1	0	4.22113e-13	889.892
0.00821428	1	1	0	4.22113e-13	889.892
0.00921428	1	1	0	4.22113e-13	889.892
0.0102143	1	1	0	4.22113e-13	889.892
0.0112143	1	1	0	4.22113e-13	889.892
0.0122143	1	1	0	4.22113e-13	889.892
0.0132143	1	1	0	4.22113e-13	889.892
0.0142143	1	1	0	4.22113e-13	889.892
0.0152143	1	1	0	4.22113e-13	889.892
0.0162143	1	1	0	4.22113e-13	889.892
0.0172143	1	1	0	4.22113e-13	889.892
0.0182143	1	1	0	4.22113e-13	889.892
0.0192143	1	1	0	4.22113e-13	889.892
0.0202143	1	1	0	4.22113e-13	889.892
0.0212143	1	1	1	4.22113e-13	889.892
0.0222143	1	1	1	4.22113e-13	889.892
0.0232143	1	1	1	4.22113e-13	889.892
0.0242143	1	1	1	4.22113e-13	889.892
0.0252143	1	1	1	4.22113e-13	889.892
0.0262143	1	1	1	4.22113e-13	889.892
0.0272143	1	1	1	4.22113e-13	889.892
0.0282143	1	1	1	4.22113e-13	889.892
0.0292143	1	1	1	4.22113e-13	889.892
0.0302143	1	1	1	4.22113e-13	889.892
0.0312143	1	1	1	4.22113e-13	889.892
0.0322143	1	1	1	4.22113e-13	889.892
0.0332143	1	1	1	4.22113e-13	889.892
0.0342143	1	1	1	4.22113e-13	889.892
0.0352143	1	1	1	4.22113e-13	889.892
0.0362143	1	1	1	4.22113e-13	889.892
0.0372143	1	1	1	4.22113e-13	889.892
0.0382143	1	1	1	4.22113e-13	889.892
0.0392143	1	1	1	4.22113e-13	889.892
0.0402143	1	1	1	4.22113e-13	889.892
0.0412143	1	1	1	4.22113e-13	889.892
0.0422143	1	1	1	4.22113e-13	889.892
0.0432143	1	1	1	4.22113e-13	889.892
0.0442143	1	1	1	4.22113e-13	889.892
0.0452143	1	1	1	4.22113e-13	889.892
0.0462143	1	1	1	4.22113e-13	889.892
0.0472143	1	1	1	4.22113e-13	889.892
0.0482143	1	1	1	4.22113e-13	889.892
0.0492143	1	1	1	4.22113e-13	889.892
0.0502143	1	1	1	4.22113e-13	889.892
0.0512143	1	1	1	4.22113e-13	889.892
0.0522143	1	1	1	4.22113e-13	889.892
0.0532143	1	1	1	4.22113e-13	889.892
0.0542143	1	1	1	4.22113e-13	889.892
0.0552143	1	1	1	4.22113e-13	889.892
0.0562143	1	1	1	4.22113e-13	889.892
0.0572143	1	1	1	4.22113e-13	889.892
0.0582143	1	1	1	4.22113e-13	889.892
0.0592143	1	1	1	4.22113e-13	889.892
0.0602143	1	1	1	4.22113e-13	889.892
0.0612143	1	1	1	4.22113e-13	889.892
0.0622143	1	1	1	4.22113e-13	889.892
0.0632143	1	1	1	4.22113e-13	889.892
0.0642143	1	1	1	4.22113e-13	889.892
0.0652143	1	1	1	4.22113e-13	889.892
0.0662143	1	1	1	4.22113e-13	889.892
0.0672143	1	1	1	4.22113e-13	889.892
0.0682143	1	1	1	4.22113e-13	889.892
0.0692143	1	1	1	4.22113e-13	889.892
0.0702143	1	1	1	4.22113e-13	889.892
0.0712143	1	1	1	4.22113e-13	889.892
0.0722143	1	1	1	4.22113e-13	889.892
0.0732143	1	1	1	4.22113e-13	889.892
0.0742143	1	1	1	4.22113e-13	889.892
0.0752143	1	1	1	4.22113e-13	889.892
0.0762143	1	1	1	4.22113e-13	889.892
0.0772143	1	1	1	4.22113e-13	889.892
0.0782143	1	1	1	4.22113e-13	889.892
0.0792143	1	1	1	4.22113e-13	889.892
0.0802143	1	1	1	4.22113e-13	889.892
0.0812143	1	1	1	4.22113e-13	889.892
0.0822143	1	1	1	4.22113e-13	889.892
0.0832143	1	1	1	4.22113e-13	889.892
0.0842143	1	1	1	4.22113e-13	889.892
0.0852143	1	1	1	4.22113e-13	889.892
0.0862143	1	1	1	4.22113e-13	889.892
0.0872143	1	1	1	4.22113e-13	889.892
0.0882143	1	1	1	4.22113e-13	889.892
0.0892143	1	1	1	4.22113e-13	889.892
0.0902143	1	1	1	4.22113e-13	889.892
0.0912143	1	1	1	4.22113e-13	889.892
0.0922143	1	1	1	4.22113e-13	889.892
0.0932143	1	1	1	4.22113e-13	889.892
0.0942143	1	1	1	4.22113e-13	889.892
0.0952143	1	1	1	4.22113e-13	889.892
0.0962143	1	1	1	4.22113e-13	889.892
0.0972143	1	1	1	4.22113e-13	889.892
0.0982143	1	1	1	4.22113e-13	889.892
0.0992143	1	1	1	4.22113e-13	889.892
0.100214	1	1	1	4.22113e-13	889.892
0.101214	1	1	1	4.22113e-13	889.892
0.102214	1	1	1	4.22113e-13	889.892
0.103214	1	1	1	4.22113e-13	889.892
0.104214	1	1	1	4.22113e-13	889.892
0.105214	1	1	1	4.22113e-13	889.892
0.106214	1	1	1	4.22113e-13	889.892
0.107214	1	1	1	4.22113e-13	889.892
0.108214	1	1	1	4.22113e-13	889.892
0.109214	1	1	1	4.22113e-13	889.892
0.110214	1	1	1	4.22113e-13	889.892
0.111214	1	1	1	4.22113e-13	889.892
0.112214	1	1	1	4.22113e-13	889.892
0.113214	1	1	1	4.22113e-13	889.892
0.114214	1	1	1	4.22113e-13	889.892
0.115214	1	1	1	4.22113e-13	889.892
0.116214	1	1	1	4.22113e-13	889.892
0.117214	1	1	1	4.22113e-13	889.892
0.118214	1	1	1	4.22113e-13	889.892
0.119214	1	1	1	4.22113e-13	889.892
0.120214	1	1	1	4.22113e-13	889.892
0.121214	1	1	1	4.22113e-13	889.892
0.122214	1	1	1	4.22113e-13	889.892
0.123214	1	1	1	4.22113e-13	889.892
0.124214	1	1	1	4.22113e-13	889.892
0.125214	1	1	1	4.22113e-13	889.892
0.126214	1	1	1	4.22113e-13	889.892
0.127214	1	1	1	4.22113e-13	889.892
0.128214	1	1	1	4.22113e-13	889.892
0.129214	1	1	1	4.22113e-13	889.892
0.130214	1	1	1	4.22113e-13	889.892
0.131214	1	1	1	4.22113e-13	889.892
0.132214	1	1	1	4.22113e-13	889.892
0.133214	1	1	1	4.22113e-13	889.892
0.134214	1	1	1	4.22113e-13	889.892
0.135214	1	1	1	4.22113e-13	889.892
0.136214	1	1	1	4.22113e-13	889.892
0.137214	1	1	1	4.22113e-13	889.892
0.138214	1	1	1	4.22113e-13	889.892
0.139214	1	1	1	4.22113e-13	889.892
0.140214	1	1	1	4.22113e-13	889.892
0.141214	1	1	1	4.22113e-13	889.892
0.142214	1	1	1	4.22113e-13	889.892
0.143214	1	1	1	4.22113e-13	889.892
0.144214	1	1	1	4.22113e-13	889.892
0.145214	1	1	1	4.22113e-13	889.892
0.146214	1	1	1	4.22113e-13	889.892
0.147214	1	1	1	4.22113e-13	889.892
0.148214	1	1	1	4.22113e-13	889.892
0.149214	1	1	1	4.22113e-13	889.892
0.150214	1	1	1	4.22113e-13	889.892
0.151214	1	1	1	4.22113e-13	889.892
0.152214	1	1	1	4.22113e-13	889.892
0.153214	1	1	1	4.22113e-13	889.892
0.154214	1	1	1	4.22113e-13	889.892
0.155214	1	1	1	4.22113e-13	889.892
0.156214	1	1	1	4.22113e-13	889.892
0.157214	1	1	1	4.22113e-13	889.892
0.158214	1	1	1	4.22113e-13	889.892
0.159214	1	1	1	4.22113e-13	889.892
0.160214	1	1	1	4.22113e-13	889.892
0.161214	1	1	1	4.22113e-13	889.892
0.162214	1	1	1	4.22113e-13	889.892
0.163214	1	1	1	4.22113e-13	889.892
0.164214	1	1	1	4.22113e-13	889.892
0.165214	1	1	1	4.22113e-13	889.892
0.166214	1	1	1	4.22113e-13	889.892
0.167214	1	1	1	4.22113e-13	889.892
0.168214	1	1	1	4.22113e-13	889.892
0.169214	1	1	1	4.22113e-13	889.892
0.170214	1	1	1	4.22113e-13	889.892
0.171214	1	1	1	4.22113e-13	889.892
0.172214	1	1	1	4.22113e-13	889.892
0.173214	1	1	1	4.22113e-13	889.892
0.174214	1	1	1	4.22113e-13	889.892
0.175214	1	1	1	4.22113e-13	889.892
0.176214	1	1	1	4.22113e-13	889.892
0.177214	1	1	1	4.22113e-13	889.892
0.178214	1	1	1	4.22113e-13	889.892
0.179214	1	1	1	4.22113e-13	889.892
0.180214	1	1	1	4.22113e-13	889.892
0.181214	1	1	1	4.22113e-13	889.892
0.182214	1	1	1	4.22113e-13	889.892
0.183214	1	1	1	4.22113e-13	889.892
0.184214	1	1	1	4.22113e-13	889.892
0.185214	1	1	1	4.22113e-13	889.892
0.186214	1	1	1	4.22113e-13	889.892
0.187214	1	1	1	4.22113e-13	889.892
0.188214	1	1	1	4.22113e-13	889.892
0.189214	1	1	1	4.22113e-13	889.892
0.190214	1	1	1	4.22113e-13	889.892
0.191214	1	1	1	4.22113e-13	889.892
0.192214	1	1	1	4.22113e-13	889.892
0.193214	1	1	1	4.22113e-13	889.892
0.194214	1	1	1	4.22113e-13	889.892
0.195214	1	1	1	4.22113e-13	889.892
0.196214	1	1	1	4.22113e-13	889.892
0.197214	1	1	1	4.22113e-13	889.892
0.198214	1	1	1	4.22113e-13	889.892
0.199214	1	1	1	4.22113e-13	889.892
0.200214	1	1	1	4.22113e-13	889.892
0.201214	1	1	1	4.22113e-13	889.892
0.202214	1	1	1	4.22113e-13	889.892
0.203214	1	1	1	4.22113e-13	889.892
0.204214	1	1	1	4.22113e-13	889.892
0.205214	1	1	1	4.22113e-13	889.892
0.206214	1	1	1	4.22113e-13	889.892
0.207214	1	1	1	4.22113e-13	889.892
0.208214	1	1	1	4.22113e-13	889.892
0.209214	1	1	1	4.22113e-13	889.892
0.210214	1	1	1	4.22113e-13	889.892
0.211214	1	1	1	4.22113e-13	889.892
0.212214	1	1	1	4.22113e-13	889.892
0.213214	1	1	1	4.22113e-13	889.892
0.214214	1	1	1	4.22113e-13	889.892
0.215214	1	1	1	4.22113e-13	889.892
0.216214	1	1	1	4.22113e-13	889.892
0.217214	1	1	1	4.22113e-13	889.892
0.218214	1	1	1	4.22113e-13	889.892
0.219214	1	1	1	4.22113e-13	889.892
0.220214	1	1	1	4.22113e-13	889.892
0.221214	1	1	1	4.22113e-13	889.892
0.222214	1	1	1	4.22113e-13	889.892
0.223214	1	1	1	4.22113e-13	889.892
0.224214	1	1	1	4.22113e-13	889.892
0.225214	1	1	1	4.22113e-13	889.892
0.226214	1	1	1	4.22113e-13	889.892
0.227214	1	1	1	4.22113e-13	889.892
0.228214	1	1	1	4.22113e-13	889.892
0.229214	1	1	1	4.22113e-13	889.892
0.230214	1	1	1	4.22113e-13	889.892
0.231214	1	1	1	4.22113e-13	889.892
0.232214	1	1	1	4.22113e-13	889.892
0.233214	1	1	1	4.22113e-13	889.892
0.234214	1	1	1	4.22113e-13	889.892
0.235214	1	1	1	4.22113e-13	889.892
0.236214	1	1	1	4.22113e-13	889.892
0.237214	1	1	1	4.22113e-13	889.892
0.238214	1	1	1	4.22113e-13	889.892
0.239214	1	1	1	4.22113e-13	889.892
0.240214	1	1	1	4.22113e-13	889.892
0.241214	1	1	1	4.22113e-13	889.892
0.242214	1	1	1	4.22113e-13	889.892
0.243214	1	1	1	4.22113e-13	889.892
0.244214	1	1	1	4.22113e-13	889.892
0.245214	1	1	1	4.22113e-13	889.892
0.246214	1	1	1	4.22113e-13	889.892
0.247214	1	1	1	4.22113e-13	889.892
0.248214	1	1	1	4.22113e-13	889.892
0.249214	1	1	1	4.22113e-13	889.892
0.250214	1	1	1	4.22113e-13	889.892
0.251214	1	1	1	4.22113e-13	889.892
0.252214	1	1	1	4.22113e-13	889.892
0.253214	1	1	1	4.22113e-13	889.892
0.254214	1	1	1	4.22113e-13	889.892
0.255214	1	1	1	4.22113e-13	889.892
0.256214	1	1	1	4.22113e-13	889.892
0.257214	1	1	1	4.22113e-13	889.892
0.258214	1	1	1	4.22113e-13	889.892
0.259214	1	1	1	4.22113e-13	889.892
0.260214	1	1	1	4.22113e-13	889.892
0.261214	1	1	1	4.22113e-13	889.892
0.262214	1	1	1	4.22113e-13	889.892
0.263214	1	1	1	4.22113e-13	889.892
0.264214	1	1	1	4.22113e-13	889.892
0.265214	1	1	1	4.22113e-13	889.892
0.266214	1	1	1	4.22113e-13	889.892
0.267214	1	1	1	4.22113e-13	889.892
0.268214	1	1	1	4.22113e-13	889.892
0.269214	1	1	1	4.22113e-13	889.892
0.270214	1	1	1	4.22113e-13	889.892
0.271214	1	1	1	4.22113e-13	889.892
0.272214	1	1	1	4.22113e-13	889.892
0.273214	1	1	1	4.22113e-13	889.892
0.274214	1	1	1	4.22113e-13	889.892
0.275214	1	1	1	4.22113e-13	889.892
0.276214	1	1	1	4.22113e-13	889.892
0.277214	1	1	1	4.22113e-13	889.892
0.278214	1	1	1	4.22113e-13	889.892
0.279214	1	1	1	4.22113e-13	889.892
0.280214	1	1	1	4.22113e-13	889.892
0.281214	1	1	1	4.22113e-13	889.892
0.282214	1	1	1	4.22113e-13	889.892
0.283214	1	1	1	4.22113e-13	889.892
0.284214	1	1	1	4.22113e-13	889.892
0.285214	1	1	1	4.22113e-13	889.892
0.286214	1	1	1	4.22113e-13	889.892
0.287214	1	1	1	4.22113e-13	889.892
0.288214	1	1	1	4.22113e-13	889.892
0.289214	1	1	1	4.22113e-13	889.892
0.290214	1	1	1	4.22113e-13	889.892
0.291214	1	1	1	4.22113e-13	889.892
0.292214	1	1	1	4.22113e-13	889.892
0.293214	1	1	1	4.22113e-13	889.892
0.294214	1	1	1	4.22113e-13	889.892
0.295214	1	1	1	4.22113e-13	889.892
0.296214	1	1	1	4.22113e-13	889.892
0.297214	1	1	1	4.22113e-13	889.892
0.298214	1	1	1	4.22113e-13	889.892
0.299214	1	1	1	4.22113e-13	889.892
0.300214	1	1	1	4.22113e-13	889.892
0.301214	1	1	1	4.22113e-13	889.892
0.302214	1	1	1	4.22113e-13	889.892
0.303214	1	1	1	4.22113e-13	889.892
0.304214	1	1	1	4.22113e-13	889.892
0.305214	1	1	1	4.22113e-13	889.892
0.306214	1	1	1	4.22113e-13	889.892
0.307214	1	1	1	4.22113e-13	889.892
0.308214	1	1	1	4.22113e-13	889.892
0.309214	1	1	1	4.22113e-13	889.892
0.310214	1	1	1	4.22113e-13	889.892
0.311214	1	1	1	4.22113e-13	889.892
0.312214	1	1	1	4.22113e-13	889.892
0.313214	1	1	1	4.22113e-13	889.892
0.314214	1	1	1	4.22113e-13	889.892
0.315214	1	1	1	4.22113e-13	889.892
0.316214	1	1	1	4.22113e-13	889.892
0.317214	1	1	1	4.22113e-13	889.892
0.318214	1	1	1	4.22113e-13	889.892
0.319214	1	1	1	4.22113e-13	889.892
0.320214	1	1	1	4.22113e-13	889.892
0.321214	1	1	1	4.22113e-13	889.892
0.322214	1	1	1	4.22113e-13	889.892
0.323214	1	1	1	4.22113e-13	889.892
0.324214	1	1	1	4.22113e-13	889.892
0.325214	1	1	1	4.22113e-13	889.892
0.326214	1	1	1	4.22113e-13	889.892
0.327214	1	1	1	4.22113e-13	889.892
0.328214	1	1	1	4.22113e-13	889.892
0.329214	1	1	1	4.22113e-13	889.892
0.330214	1	1	1	4.22113e-13	889.892
0.331214	1	1	1	4.22113e-13	889.892
0.332214	1	1	1	4.22113e-13	889.892
0.333214	1	1	1	4.22113e-13	889.892
0.334214	1	1	1	4.22113e-13	889.892
0.335214	1	1	1	4.22113e-13	889.892
0.336214	1	1	1	4.22113e-13	889.892
0.337214	1	1	1	4.22113e-13	889.892
0.338214	1	1	1	4.22113e-13	889.892
0.339214	1	1	1	4.22113e-13	889.892
0.340214	1	1	1	4.22113e-13	889.892
0.341214	1	1	1	4.22113e-13	889.892
0.342214	1	1	1	4.22113e-13	889.892
0.343214	1	1	1	4.22113e-13	889.892
0.344214	1	1	1	4.22113e-13	889.892
0.345214	1	1	1	4.22113e-13	889.892
0.346214	1	1	1	4.22113e-13	889.892
0.347214	1	1	1	4.22113e-13	889.892
0.348214	1	1	1	4.22113e-13	889.892
0.349214	1	1	1	4.22113e-13	889.892
0.350214	1	1	1	4.22113e-13	889.892
0.351214	1	1	1	4.22113e-13	889.892
0.352214	1	1	1	4.22113e-13	889.892
0.353214	1	1	1	4.22113e-13	889.892
0.354214	1	1	1	4.22113e-13	889.892
0.355214	1	1	1	4.22113e-13	889.892
0.356214	1	1	1	4.22113e-13	889.892
0.357214	1	1	1	4.22113e-13	889.892
0.358214	1	1	1	4.22113e-13	889.892
0.359214	1	1	1	4.22113e-13	889.892
0.360214	1	1	1	4.22113e-13	889.892
0.361214	1	1	1	4.22113e-13	889.892
0.362214	1	1	1	4.22113e-13	889.892
0.363214	1	1	1	4.22113e-13	889.892
0.364214	1	1	1	4.22113e-13	889.892
0.365214	1	1	1	4.22113e-13	889.892
0.366214	1	1	1	4.22113e-13	889.892
0.367214	1	1	1	4.22113e-13	889.892
0.368214	1	1	1	4.22113e-13	889.892
0.369214	1	1	1	4.22113e-13	889.892
0.370214	1	1	1	4.22113e-13	889.892
0.371214	1	1	1	4.22113e-13	889.892
0.372214	1	1	1	4.22113e-13	889.892
0.373214	1	1	1	4.22113e-13	889.892
0.374214	1	1	1	4.22113e-13	889.892
0.375214	1	1	1	4.22113e-13	889.892
0.376214	1	1	1	4.22113e-13	889.892
0.377214	1	1	1	4.22113e-13	889.892
0.378214	1	1	1	4.22113e-13	889.892
0.379214	1	1	1	4.22113e-13	889.892
0.380214	1	1	1	4.22113e-13	889.892
0.381214	1	1	1	4.22113e-13	889.892
0.382214	1	1	1	4.22113e-13	889.892
0.383214	1	1	1	4.22113e-13	889.892
0.384214	1	1	1	4.22113e-13	889.892
0.385214	1	1	1	4.22113e-13	889.892
0.386214	1	1	1	4.22113e-13	889.892
0.387214	1	1	1	4.22113e-13	889.892
0.388214	1	1	1	4.22113e-13	889.892
0.389214	1	1	1	4.22113e-13	889.892
0.390214	1	1	1	4.22113e-13	889.892
0.391214	1	1	1	4.22113e-13	889.892
0.392214	1	1	1	4.22113e-13	889.892
0.393214	1	1	1	4.22113e-13	889.892
0.394214	1	1	1	4.22113e-13	889.892
0.395214	1	1	1	4.22113e-13	889.892
0.396214	1	1	1	4.22113e-13	889.892
0.397214	1	1	1	4.22113e-13	889.892
0.398214	1	1	1	4.22113e-13	889.892
0.399214	1	1	1	4.22113e-13	889.892
0.400214	1	1	1	4.22113e-13	889.892
0.401214	1	1	1	4.22113e-13	889.892
0.402214	1	1	1	4.22113e-13	889.892
0.403214	1	1	1	4.22113e-13	889.892
0.404214	1	1	1	4.22113e-13	889.892
0.405214	1	1	1	4.22113e-13	889.892
0.406214	1	1	1	4.22113e-13	889.892
0.407214	1	1	1	4.22113e-13	889.892
0.408214	1	1	1	4.22113e-13	889.892
0.409214	1	1	1	4.22113e-13	889.892
0.410214	1	1	1	4.22113e-13	889.892
0.411214	1	1	1	4.22113e-13	889.892
0.412214	1	1	1	4.22113e-13	889.892
0.413214	1	1	1	4.22113e-13	889.892
0.414214	1	1	1	4.22113e-13	889.892
0.415214	1	1	1	4.22113e-13	889.892
0.416214	1	1	1	4.22113e-13	889.892
0.417214	1	1	1	4.22113e-13	889.892
0.418214	1	1	1	4.22113e-13	889.892
0.419214	1	1	1	4.22113e-13	889.892
0.420214	1	1	1	4.22113e-13	889.892
0.421214	1	1	1	4.22113e-13	889.892
0.422214	1	1	1	4.22113e-13	889.892
0.423214	1	1	1	4.22113e-13	889.892
0.424214	1	1	1	4.22113e-13	889.892
0.425214	1	1	1	4.22113e-13	889.892
0.426214	1	1	1	4.22113e-13	889.892
0.427214	1	1	1	4.22113e-13	889.892
0.428214	1	1	1	4.22113e-13	889.892
0.429214	1	1	1	4.22113e-13	889.892
0.430214	1	1	1	4.22113e-13	889.892
0.431214	1	1	1	4.22113e-13	889.892
0.432214	1	1	1	4.22113e-13	889.892
0.433214	1	1	1	4.22113e-13	889.892
0.434214	1	1	1	4.22113e-13	889.892
0.435214	1	1	1	4.22113e-13	889.892
0.436214	1	1	1	4.22113e-13	889.892
0.437214	1	1	1	4.22113e-13	889.892
0.438214	1	1	1	4.22113e-13	889.892
0.439214	1	1	1	4.22113e-13	889.892
0.440214	1	1	1	4.22113e-13	889.892
0.441214	1	1	1	4.22113e-13	889.892
0.442214	1	1	1	4.22113e-13	889.892
0.443214	1	1	1	4.22113e-13	889.892
0.444214	1	1	1	4.22113e-13	889.892
0.445214	1	1	1	4.22113e-13	889.892
0.446214	1	1	1	4.22113e-13	889.892
0.447214	1	1	1	4.22113e-13	889.892
0.448214	1	1	1	4.22113e-13	889.892
0.449214	1	1	1	4.22113e-13	889.892
0.450214	1	1	1	4.22113e-13	889.892
0.451214	1	1	1	4.22113e-13	889.892
0.452214	1	1	1	4.22113e-13	889.892
0.453214	1	1	1	4.22113e-13	889.892
0.454214	1	1	1	4.22113e-13	889.892
0.455214	1	1	1	4.22113e-13	889.892
0.456214	1	1	1	4.22113e-13	889.892
0.457214	1	1	1	4.22113e-13	889.892
0.458214	1	1	1	4.22113e-13	889.892
0.459214	1	1	1	4.22113e-13	889.892
0.460214	1	1	1	4.22113e-13	889.892
0.461214	1	1	1	4.22113e-13	889.892
0.462214	1	1	1	4.22113e-13	889.892
0.463214	1	1	1	4.22113e-13	889.892
0.464214	1	1	1	4.22113e-13	889.892
0.465214	1	1	1	4.22113e-13	889.892
0.466214	1	1	1	4.22113e-13	889.892
0.467214	1	1	1	4.22113e-13	889.892
0.468214	1	1	1	4.22113e-13	889.892
0.469214	1	1	1	4.22113e-13	889.892
0.470214	1	1	1	4.22113e-13	889.892
0.471214	1	1	1	4.22113e-13	889.892
0.472214	1	1	1	4.22113e-13	889.892
0.473214	1	1	1	4.22113e-13	889.892
0.474214	1	1	1	4.22113e-13	889.892
0.475214	1	1	1	4.22113e-13	889.892
0.476214	1	1	1	4.22113e-13	889.892
0.477214	1	1	1	4.22113e-13	889.892
0.478214	1	1	1	4.22113e-13	889.892
0.479214	1	1	1	4.22113e-13	889.892
0.480214	1	1	1	4.22113e-13	889.892
0.481214	1	1	1	4.22113e-13	889.892
0.482214	1	1	1	4.22113e-13	889.892
0.483214	1	1	1	4.22113e-13	889.892
0.484214	1	1	1	4.22113e-13	889.892
0.485214	1	1	1	4.22113e-13	889.892
0.486214	1	1	1	4.22113e-13	889.892
0.487214	1	1	1	4.22113e-13	889.892
0.488214	1	1	1	4.22113e-13	889.892
0.489214	1	1	1	4.22113e-13	889.892
0.490214	1	1	1	4.22113e-13	889.892
0.491214	1	1	1	4.22113e-13	889.892
0.492214	1	1	1	4.22113e-13	889.892
0.493214	1	1	1	4.22113e-13	889.892
0.494214	1	1	1	4.22113e-13	889.892
0.495214	1	1	1	4.22113e-13	889.892
0.496214	1	1	1	4.22113e-13	889.892
0.497214	1	1	1	4.22113e-13	889.892
0.498214	1	1	1	4.22113e-13	889.892
0.499214	1	1	1	4.22113e-13	889.892
0.500214	1	1	1	4.22113e-13	889.892
0.501214	1	1	1	4.22113e-13	889.892
0.502214	1	1	1	4.22113e-13	889.892
0.503214	1	1	1	4.22113e-13	889.892
0.504214	1	1	1	4.22113e-13	889.892
0.505214	1	1	1	4.22113e-13	889.892
0.506214	1	1	1	4.22113e-13	889.892
0.507214	1	1	1	4.22113e-13	889.892
0.508214	1	1	1	4.22113e-13	889.892
0.509214	1	1	1	4.22113e-13	889.892
0.510214	1	1	1	4.22113e-13	889.892
0.511214	1	1	1	4.22113e-13	889.892
0.512214	1	1	1	4.22113e-13	889.892
0.513214	1	1	1	4.22113e-13	889.892
0.514214	1	1	1	4.22113e-13	889.892
0.515214	1	1	1	4.22113e-13	889.892
0.516214	1	1	1	4.22113e-13	889.892
0.517214	1	1	1	4.22113e-13	889.892
0.518214	1	1	1	4.22113e-13	889.892
0.519214	1	1	1	4.22113e-13	889.892
0.520214	1	1	1	4.22113e-13	889.892
0.521214	1	1	1	4.22113e-13	889.892
0.522214	1	1	1	4.22113e-13	889.892
0.523214	1	1	1	4.22113e-13	889.892
0.524214	1	1	1	4.22113e-13	889.892
0.525214	1	1	1	4.22113e-13	889.892
0.526214	1	1	1	4.22113e-13	889.892
0.527214	1	1	1	4.22113e-13	889.892
0.528214	1	1	1	4.22113e-13	889.892
0.529214	1	1	1	4.22113e-13	889.892
0.530214	1	1	1	4.22113e-13	889.892
0.531214	1	1	1	4.22113e-13	889.892
0.532214	1	1	1	4.22113e-13	889.892
0.533214	1	1	1	4.22113e-13	889.892
0.534214	1	1	1	4.22113e-13	889.892
0.535214	1	1	1	4.22113e-13	889.892
0.536214	1	1	1	4.22113e-13	889.892
0.537214	1	1	1	4.22113e-13	889.892
0.538214	1	1	1	4.22113e-13	889.892
0.539214	1	1	1	4.22113e-13	889.892
0.540214	1	1	1	4.22113e-13	889.892
0.541214	1	1	1	4.22113e-13	889.892
0.542214	1	1	1	4.22113e-13	889.892
0.543214	1	1	1	4.22113e-13	889.892
0.544214	1	1	1	4.22113e-13	889.892
0.545214	1	1	1	4.22113e-13	889.892
0.546214	1	1	1	4.22113e-13	889.892
0.547214	1	1	1	4.22113e-13	889.892
0.548214	1	1	1	4.22113e-13	889.892
0.549214	1	1	1	4.22113e-13	889.892
0.550214	1	1	1	4.22113e-13	889.892
0.551214	1	1	1	4.22113e-13	889.892
0.552214	1	1	1	4.22113e-13	889.892
0.553214	1	1	1	4.22113e-13	889.892
0.554214	1	1	1	4.22113e-13	889.892
0.555214	1	1	1	4.22113e-13	889.892
0.556214	1	1	1	4.22113e-13	889.892
0.557214	1	1	1	4.22113e-13	889.892
0.558214	1	1	1	4.22113e-13	889.892
0.559214	1	1	1	4.22113e-13	889.892
0.560214	1	1	1	4.22113e-13	889.892
0.561214	1	1	1	4.22113e-13	889.892
0.562214	1	1	1	4.22113e-13	889.892
0.563214	1	1	1	4.22113e-13	889.892
0.564214	1	1	1	4.22113e-13	889.892
0.565214	1	1	1	4.22113e-13	889.892
0.566214	1	1	1	4.22113e-13	889.892
0.567214	1	1	1	4.22113e-13	889.892
0.568214	1	1	1	4.22113e-13	889.892
0.569214	1	1	1	4.22113e-13	889.892
0.570214	1	1	1	4.22113e-13	889.892
0.571214	1	1	1	4.22113e-13	889.892
0.572214	1	1	1	4.22113e-13	889.892
0.573214	1	1	1	4.22113e-13	889.892
0.574214	1	1	1	4.22113e-13	889.892
0.575214	1	1	1	4.22113e-13	889.892
0.576214	1	1	1	4.22113e-13	889.892
0.577214	1	1	1	4.22113e-13	889.892
0.578214	1	1	1	4.22113e-13	889.892
0.579214	1	1	1	4.22113e-13	889.892
0.580214	1	1	1	4.22113e-13	889.892
0.581214	1	1	1	4.22113e-13	889.892
0.582214	1	1	1	4.22113e-13	889.892
0.583214	1	1	1	4.22113e-13	889.892
0.584214	1	1	1	4.22113e-13	889.892
0.585214	1	1	1	4.22113e-13	889.892
0.586214	1	1	1	4.22113e-13	889.892
0.587214	1	1	1	4.22113e-13	889.892
0.588214	1	1	1	4.22113e-13	889.892
0.589214	1	1	1	4.22113e-13	889.892
0.590214	1	1	1	4.22113e-13	889.892
0.591214	1	1	1	4.22113e-13	889.892
0.592214	1	1	1	4.22113e-13	889.892
0.593214	1	1	1	4.22113e-13	889.892
0.594214	1	1	1	4.22113e-13	889.892
0.595214	1	1	1	4.22113e-13	889.892
0.596214	1	1	1	4.22113e-13	889.892
0.597214	1	1	1	4.22113e-13	889.892
0.598214	1	1	1	4.22113e-13	889.892
0.599214	1	1	1	4.22113e-13	889.892
0.600214	1	1	1	4.22113e-13	889.892
0.601214	1	1	1	4.22113e-13	889.892
0.602214	1	1	1	4.22113e-13	889.892
0.603214	1	1	1	4.22113e-13	889.892
0.604214	1	1	1	4.22113e-13	889.892
0.605214	1	1	1	4.22113e-13	889.892
0.606214	1	1	1	4.22113e-13	889.892
0.607214	1	1	1	4.22113e-13	889.892
0.608214	1	1	1	4.22113e-13	889.892
0.609214	1	1	1	4.22113e-13	889.892
0.610214	1	1	1	4.22113e-13	889.892
0.611214	1	1	1	4.22113e-13	889.892
0.612214	1	1	1	4.22113e-13	889.892
0.613214	1	1	1	4.22113e-13	889.892
0.614214	1	1	1	4.22113e-13	889.892
0.615214	1	1	1	4.22113e-13	889.892
0.616214	1	1	1	4.22113e-13	889.892
0.617214	1	1	1	4.22113e-13	889.892
0.618214	1	1	1	4.22113e-13	889.892
0.619214	1	1	1	4.22113e-13	889.892
0.620214	1	1	1	4.22113e-13	889.892
0.621214	1	1	1	4.22113e-13	889.892
0.622214	1	1	1	4.22113e-13	889.892
0.623214	1	1	1	4.22113e-13	889.892
0.624214	1	1	1	4.22113e-13	889.892
0.625214	1	1	1	4.22113e-13	889.892
0.626214	1	1	1	4.22113e-13	889.892
0.627214	1	1	1	4.22113e-13	889.892
0.628214	1	1	1	4.22113e-13	889.892
0.629214	1	1	1	4.22113e-13	889.892
0.630214	1	1	1	4.22113e-13	889.892
0.631214	1	1	1	4.22113e-13	889.892
0.632214	1	1	1	4.22113e-13	889.892
0.633214	1	1	1	4.22113e-13	889.892
0.634214	1	1	1	4.22113e-13	889.892
0.635214	1	1	1	4.22113e-13	889.892
0.636214	1	1	1	4.22113e-13	889.892
0.637214	1	1	1	4.22113e-13	889.892
0.638214	1	1	1	4.22113e-13	889.892
0.639214	1	1	1	4.22113e-13	889.892
0.640214	1	1	1	4.22113e-13	889.892
0.641214	1	1	1	4.22113e-13	889.892
0.642214	1	1	1	4.22113e-13	889.892
0.643214	1	1	1	4.22113e-13	889.892
0.644214	1	1	1	4.22113e-13	889.892
0.645214	1	1	1	4.22113e-13	889.892
0.646214	1	1	1	4.22113e-13	889.892
0.647214	1	1	1	4.22113e-13	889.892
0.648214	1	1	1	4.22113e-13	889.892
0.649214	1	1	1	4.22113e-13	889.892
0.650214	1	1	1	4.22113e-13	889.892
0.651214	1	1	1	4.22113e-13	889.892
0.652214	1	1	1	4.22113e-13	889.892
0.653214	1	1	1	4.22113e-13	889.892
0.654214	1	1	1	4.22113e-13	889.892
0.655214	1	1	1	4.22113e-13	889.892
0.656214	1	1	1	4.22113e-13	889.892
0.657214	1	1	1	4.22113e-13	889.892
0.658214	1	1	1	4.22113e-13	889.892
0.659214	1	1	1	4.22113e-13	889.892
0.660214	1	1	1	4.22113e-13	889.892
0.661214	1	1	1	4.22113e-13	889.892
0.662214	1	1	1	4.22113e-13	889.892
0.663214	1	1	1	4.22113e-13	889.892
0.664214	1	1	1	4.22113e-13	889.892
0.665214	1	1	1	4.22113e-13	889.892
0.666214	1	1	1	4.22113e-13	889.892
0.667214	1	1	1	4.22113e-13	889.892
0.668214	1	1	1	4.22113e-13	889.892
0.669214	1	1	1	4.22113e-13	889.892
0.670214	1	1	1	4.22113e-13	889.892
0.671214	1	1	1	4.22113e-13	889.892
0.672214	1	1	1	4.22113e-13	889.892
0.673214	1	1	1	4.22113e-13	889.892
0.674214	1	1	1	4.22113e-13	889.892
0.675214	1	1	1	4.22113e-13	889.892
0.676214	1	1	1	4.22113e-13	889.892
0.677214	1	1	1	4.22113e-13	889.892
0.678214	1	1	1	4.22113e-13	889.892
0.679214	1	1	1	4.22113e-13	889.892
0.680214	1	1	1	4.22113e-13	889.892
0.681214	1	1	1	4.22113e-13	889.892
0.682214	1	1	1	4.22113e-13	889.892
0.683214	1	1	1	4.22113e-13	889.892
0.684214	1	1	1	4.22113e-13	889.892
0.685214	1	1	1	4.22113e-13	889.892
0.686214	1	1	1	4.22113e-13	889.892
0.687214	1	1	1	4.22113e-13	889.892
0.688214	1	1	1	4.22113e-13	889.892
0.689214	1	1	1	4.22113e-13	889.892
0.690214	1	1	1	4.22113e-13	889.892
0.691214	1	1	1	4.22113e-13	889.892
0.692214	1	1	1	4.22113e-13	889.892
0.693214	1	1	1	4.22113e-13	889.892
0.694214	1	1	1	4.22113e-13	889.892
0.695214	1	1	1	4.22113e-13	889.892
0.696214	1	1	1	4.22113e-13	889.892
0.697214	1	1	1	4.22113e-13	889.892
0.698214	1	1	1	4.22113e-13	889.892
0.699214	1	1	1	4.22113e-13	889.892
0.700214	1	1	1	4.22113e-13	889.892
0.701214	1	1	1	4.22113e-13	889.892
0.702214	1	1	1	4.22113e-13	889.892
0.703214	1	1	1	4.22113e-13	889.892
0.704214	1	1	1	4.22113e-13	889.892
0.705214	1	1	1	4.22113e-13	889.892
0.706214	1	1	1	4.22113e-13	889.892
0.707214	1	1	1	4.22113e-13	889.892
0.708214	1	1	1	4.22113e-13	889.892
0.709214	1	1	1	4.22113e-13	889.892
0.710214	1	1	1	4.22113e-13	889.892
0.711214	1	1	1	4.22113e-13	889.892
0.712214	1	1	1	4.22113e-13	889.892
0.713214	1	1	1	4.22113e-13	889.892
0.714214	1	1	1	4.22113e-13	889.892
0.715214	1	1	1	4.22113e-13	889.892
0.716214	1	1	1	4.22113e-13	889.892
0.717214	1	1	1	4.22113e-13	889.892
0.718214	1	1	1	4.22113e-13	889.892
0.719214	1	1	1	4.22113e-13	889.892
0.720214	1	1	1	4.22113e-13	889.892
0.721214	1	1	1	4.22113e-13	889.892
0.722214	1	1	1	4.22113e-13	889.892
0.723214	1	1	1	4.22113e-13	889.892
0.724214	1	1	1	4.22113e-13	889.892
0.725214	1	1	1	4.22113e-13	889.892
0.726214	1	1	1	4.22113e-13	889.892
0.727214	1	1	1	4.22113e-13	889.892
0.728214	1	1	1	4.22113e-13	889.892
0.729214	1	1	1	4.22113e-13	889.892
0.730214	1	1	1	4.22113e-13	889.892
0.731214	1	1	1	4.22113e-13	889.892
0.732214	1	1	1	4.22113e-13	889.892
0.733214	1	1	1	4.22113e-13	889.892
0.734214	1	1	1	4.22113e-13	889.892
0.735214	1	1	1	4.22113e-13	889.892
0.736214	1	1	1	4.22113e-13	889.892
0.737214	1	1	1	4.22113e-13	889.892
0.738214	1	1	1	4.22113e-13	889.892
0.739214	1	1	1	4.22113e-13	889.892
0.740214	1	1	1	4.22113e-13	889.892
0.741214	1	1	1	4.22113e-13	889.892
0.742214	1	1	1	4.22113e-13	889.892
0.743214	1	1	1	4.22113e-13	889.892
0.744214	1	1	1	4.22113e-13	889.892
0.745214	1	1	1	4.22113e-13	889.892
0.746214	1	1	1	4.22113e-13	889.892
0.747214	1	1	1	4.22113e-13	889.892
0.748214	1	1	1	4.22113e-13	889.892
0.749214	1	1	1	4.22113e-13	889.892
0.750214	1	1	1	4.22113e-13	889.892
0.751214	1	1	1	4.22113e-13	889.892
0.752214	1	1	1	4.22113e-13	889.892
0.753214	1	1	1	4.22113e-13	889.892
0.754214	1	1	1	4.22113e-13	889.892
0.755214	1	1	1	4.22113e-13	889.892
0.756214	1	1	1	4.22113e-13	889.892
0.757214	1	1	1	4.22113e-13	889.892
0.758214	1	1	1	4.22113e-13	889.892
0.759214	1	1	1	4.22113e-13	889.892
0.760214	1	1	1	4.22113e-13	889.892
0.761214	1	1	1	4.22113e-13	889.892
0.762214	1	1	1	4.22113e-13	889.892
0.763214	1	1	1	4.22113e-13	889.892
0.764214	1	1	1	4.22113e-13	889.892
0.765214	1	1	1	4.22113e-13	889.892
0.766214	1	1	1	4.22113e-13	889.892
0.767214	1	1	1	4.22113e-13	889.892
0.768214	1	1	1	4.22113e-13	889.892
0.769214	1	1	1	4.22113e-13	889.892
0.770214	1	1	1	4.22113e-13	889.892
0.771214	1	1	1	4.22113e-13	889.892
0.772214	1	1	1	4.22113e-13	889.892
0.773214	1	1	1	4.22113e-13	889.892
0.774214	1	1	1	4.22113e-13	889.892
0.775214	1	1	1	4.22113e-13	889.892
0.776214	1	1	1	4.22113e-13	889.892
0.777214	1	1	1	4.22113e-13	889.892
0.778214	1	1	1	4.22113e-13	889.892
0.779214	1	1	1	4.22113e-13	889.892
0.780214	1	1	1	4.22113e-13	889.892
0.781214	1	1	1	4.22113e-13	889.892
0.782214	1	1	1	4.22113e-13	889.892
0.783214	1	1	1	4.22113e-13	889.892
0.784214	1	1	1	4.22113e-13	889.892
0.785214	1	1	1	4.22113e-13	889.892
0.786214	1	1	1	4.22113e-13	889.892
0.787214	1	1	1	4.22113e-13	889.892
0.788214	1	1	1	4.22113e-13	889.892
0.789214	1	1	1	4.22113e-13	889.892
0.790214	1	1	1	4.22113e-13	889.892
0.791214	1	1	1	4.22113e-13	889.892
0.792214	1	1	1	4.22113e-13	889.892
0.793214	1	1	1	4.22113e-13	889.892
0.794214	1	1	1	4.22113e-13	889.892
0.795214	1	1	1	4.22113e-13	889.892
0.796214	1	1	1	4.22113e-13	889.892
0.797214	1	1	1	4.22113e-13	889.892
0.798214	1	1	1	4.22113e-13	889.892
0.799214	1	1	1	4.22113e-13	889.892
0.800214	1	1	1	4.22113e-13	889.892
0.801214	1	1	1	4.22113e-13	889.892
0.802214	1	1	1	4.22113e-13	889.892
0.803214	1	1	1	4.22113e-13	889.892
0.804214	1	1	1	4.22113e-13	889.892
0.805214	1	1	1	4.22113e-13	889.892
0.806214	1	1	1	4.22113e-13	889.892
0.807214	1	1	1	4.22113e-13	889.892
0.808214	1	1	1	4.22113e-13	889.892
0.809214	1	1	1	4.22113e-13	889.892
0.810214	1	1	1	4.22113e-13	889.892
0.811214	1	1	1	4.22113e-13	889.892
0.812214	1	1	1	4.22113e-13	889.892
0.813214	1	1	1	4.22113e-13	889.892
0.814214	1	1	1	4.22113e-13	889.892
0.815214	1	1	1	4.22113e-13	889.892
0.816214	1	1	1	4.22113e-13	889.892
0.817214	1	1	1	4.22113e-13	889.892
0.818214	1	1	1	4.22113e-13	889.892
0.819214	1	1	1	4.22113e-13	889.892
0.820214	1	1	1	4.22113e-13	889.892
0.821214	1	1	1	4.22113e-13	889.892
0.822214	1	1	1	4.22113e-13	889.892
0.823214	1	1	1	4.22113e-13	889.892
0.824214	1	1	1	4.22113e-13	889.892
0.825214	1	1	1	4.22113e-13	889.892
0.826214	1	1	1	4.22113e-13	889.892
0.827214	1	1	1	4.22113e-13	889.892
0.828214	1	1	1	4.22113e-13	889.892
0.829214	1	1	1	4.22113e-13	889.892
0.830214	1	1	1	4.22113e-13	889.892
0.831214	1	1	1	4.22113e-13	889.892
0.832214	1	1	1	4.22113e-13	889.892
0.833214	1	1	1	4.22113e-13	889.892
0.834214	1	1	1	4.22113e-13	889.892
0.835214	1	1	1	4.22113e-13	889.892
0.836214	1	1	1	4.22113e-13	889.892
0.837214	1	1	1	4.22113e-13	889.892
0.838214	1	1	1	4.22113e-13	889.892
0.839214	1	1	1	4.22113e-13	889.892
0.840214	1	1	1	4.22113e-13	889.892
0.841214	1	1	1	4.22113e-13	889.892
0.842214	1	1	1	4.22113e-13	889.892
0.843214	1	1	1	4.22113e-13	889.892
0.844214	1	1	1	4.22113e-13	889.892
0.845214	1	1	1	4.22113e-13	889.892
0.846214	1	1	1	4.22113e-13	889.892
0.847214	1	1	1	4.22113e-13	889.892
0.848214	1	1	1	4.22113e-13	889.892
0.849214	1	1	1	4.22113e-13	889.892
0.850214	1	1	1	4.22113e-13	889.892
0.851214	1	1	1	4.22113e-13	889.892
0.852214	1	1	1	4.22113e-13	889.892
0.853214	1	1	1	4.22113e-13	889.892
0.854214	1	1	1	4.22113e-13	889.892
0.855214	1	1	1	4.22113e-13	889.892
0.856214	1	1	1	4.22113e-13	889.892
0.857214	1	1	1	4.22113e-13	889.892
0.858214	1	1	1	4.22113e-13	889.892
0.859214	1	1	1	4.22113e-13	889.892
0.860214	1	1	1	4.22113e-13	889.892
0.861214	1	1	1	4.22113e-13	889.892
0.862214	1	1	1	4.22113e-13	889.892
0.863214	1	1	1	4.22113e-13	889.892
0.864214	1	1	1	4.22113e-13	889.892
0.865214	1	1	1	4.22113e-13	889.892
0.866214	1	1	1	4.22113e-13	889.892
0.867214	1	1	1	4.22113e-13	889.892
0.868214	1	1	1	4.22113e-13	889.892
0.869214	1	1	1	4.22113e-13	889.892
0.870214	1	1	1	4.22113e-13	889.892
0.871214	1	1	1	4.22113e-13	889.892
0.872214	1	1	1	4.22113e-13	889.892
0.873214	1	1	1	4.22113e-13	889.892
0.874214	1	1	1	4.22113e-13	889.892
0.875214	1	1	1	4.22113e-13	889.892
0.876214	1	1	1	4.22113e-13	889.892
0.877214	1	1	1	4.22113e-13	889.892
0.878214	1	1	1	4.22113e-13	889.892
0.879214	1	1	1	4.22113e-13	889.892
0.880214	1	1	1	4.22113e-13	889.892
0.881214	1	1	1	4.22113e-13	889.892
0.882214	1	1	1	4.22113e-13	889.892
0.883214	1	1	1	4.22113e-13	889.892
0.884214	1	1	1	4.22113e-13	889.892
0.885214	1	1	1	4.22113e-13	889.892
0.886214	1	1	1	4.22113e-13	889.892
0.887214	1	1	1	4.22113e-13	889.892
0.888214	1	1	1	4.22113e-13	889.892
0.889214	1	1	1	4.22113e-13	889.892
0.890214	1	1	1	4.22113e-13	889.892
0.891214	1	1	1	4.22113e-13	889.892
0.892214	1	1	1	4.22113e-13	889.892
0.893214	1	1	1	4.22113e-13	889.892
0.894214	1	1	1	4.22113e-13	889.892
0.895214	1	1	1	4.22113e-13	889.892
0.896214	1	1	1	4.22113e-13	889.892
0.897214	1	1	1	4.22113e-13	889.892
0.898214	1	1	1	4.22113e-13	889.892
0.899214	1	1	1	4.22113e-13	889.892
0.900214	1	1	1	4.22113e-13	889.892
0.901214	1	1	1	4.22113e-13	889.892
0.902214	1	1	1	4.22113e-13	889.892
0.903214	1	1	1	4.22113e-13	889.892
0.904214	1	1	1	4.22113e-13	889.892
0.905214	1	1	1	4.22113e-13	889.892
0.906214	1	1	1	4.22113e-13	889.892
0.907214	1	1	1	4.22113e-13	889.892
0.908214	1	1	1	4.22113e-13	889.892
0.909214	1	1	1	4.22113e-13	889.892
0.910214	1	1	1	4.22113e-13	889.892
0.911214	1	1	1	4.22113e-13	889.892
0.912214	1	1	1	4.22113e-13	889.892
0.913214	1	1	1	4.22113e-13	889.892
0.914214	1	1	1	4.22113e-13	889.892
0.915214	1	1	1	4.22113e-13	889.892
0.916214	1	1	1	4.22113e-13	889.892
0.917214	1	1	1	4.22113e-13	889.892
0.918214	1	1	1	4.22113e-13	889.892
0.919214	1	1	1	4.22113e-13	889.892
0.920214	1	1	1	4.22113e-13	889.892
0.921214	1	1	1	4.22113e-13	889.892
0.922214	1	1	1	4.22113e-13	889.892
0.923214	1	1	1	4.22113e-13	889.892
0.924214	1	1	1	4.22113e-13	889.892
0.925214	1	1	1	4.22113e-13	889.892
0.926214	1	1	1	4.22113e-13	889.892
0.927214	1	1	1	4.22113e-13	889.892
0.928214	1	1	1	4.22113e-13	889.892
0.929214	1	1	1	4.22113e-13	889.892
0.930214	1	1	1	4.22113e-13	889.892
0.931214	1	1	1	4.22113e-13	889.892
0.932214	1	1	1	4.22113e-13	889.892
0.933214	1	1	1	4.22113e-13	889.892
0.934214	1	1	1	4.22113e-13	889.892
0.935214	1	1	1	4.22113e-13	889.892
0.936214	1	1	1	4.22113e-13	889.892
0.937214	1	1	1	4.22113e-13	889.892
0.938214	1	1	1	4.22113e-13	889.892
0.939214	1	1	1	4.22113e-13	889.892
0.940214	1	1	1	4.22113e-13	889.892
0.941214	1	1	1	4.22113e-13	889.892
0.942214	1	1	1	4.22113e-13	889.892
0.943214	1	1	1	4.22113e-13	889.892
0.944214	1	1	1	4.22113e-13	889.892
0.945214	1	1	1	4.22113e-13	889.892
0.946214	1	1	1	4.22113e-13	889.892
0.947214	1	1	1	4.22113e-13	889.892
0.948214	1	1	1	4.22113e-13	889.892
0.949214	1	1	1	4.22113e-13	889.892
0.950214	1	1	1	4.22113e-13	889.892
0.951214	1	1	1	4.22113e-13	889.892
0.952214	1	1	1	4.22113e-13	889.892
0.953214	1	1	1	4.22113e-13	889.892
0.954214	1	1	1	4.22113e-13	889.892
0.955214	1	1	1	4.22113e-13	889.892
0.956214	1	1	1	4.22113e-13	889.892
0.957214	1	1	1	4.22113e-13	889.892
0.958214	1	1	1	4.22113e-13	889.892
0.959214	1	1	1	4.22113e-13	889.892
0.960214	1	1	1	4.22113e-13	889.892
0.961214	1	1	1	4.22113e-13	889.892
0.962214	1	1	1	4.22113e-13	889.892
0.963214	1	1	1	4.22113e-13	889.892
0.964214	1	1	1	4.22113e-13	889.892
0.965214	1	1	1	4.22113e-13	889.892
0.966214	1	1	1	4.22113e-13	889.892
0.967214	1	1	1	4.22113e-13	889.892
0.968214	1	1	1	4.22113e-13	889.892
0.969214	1	1	1	4.22113e-13	889.892
0.970214	1	1	1	4.22113e-13	889.892
0.971214	1	1	1	4.22113e-13	889.892
0.972214	1	1	1	4.22113e-13	889.892
0.973214	1	1	1	4.22113e-13	889.892
0.974214	1	1	1	4.22113e-13	889.892
0.975214	1	1	1	4.22113e-13	889.892
0.976214	1	1	1	4.22113e-13	889.892
0.977214	1	1	1	4.22113e-13	889.892
0.978214	1	1	1	4.22113e-13	889.892
0.979214	1	1	1	4.22113e-13	889.892
0.980214	1	1	1	4.22113e-13	889.892
0.981214	1	1	1	4.22113e-13	889.892
0.982214	1	1	1	4.22113e-13	889.892
0.983214	1	1	1	4.22113e-13	889.892
0.984214	1	1	1	4.22113e-13	889.892
0.985214	1	1	1	4.22113e-13	889.892
0.986214	1	1	1	4.22113e-13	889.892
0.987214	1	1	1	4.22113e-13	889.892
0.988214	1	1	1	4.22113e-13	889.892
0.989214	1	1	1	4.22113e-13	889.892
0.990214	1	1	1	4.22113e-13	889.892
0.991214	1	1	1	4.22113e-13	889.892
0.992214	1	1	1	4.22113e-13	889.892
0.993214	1	1	1	4.22113e-13	889.892
0.994214	1	1	1	4.22113e-13	889.892
0.995214	1	1	1	4.22113e-13	889.892
0.996214	1	1	1	4.22113e-13	889.892
0.997214	1	1	1	4.22113e-13	889.892
0.998214	1	1	1	4.22113e-13	889.892
0.999214	1	1	1	4.22113e-13	889.892
